%Epsilons: 1) 1, 2) 5.5, 3) 10
%Fx Fy Fz Xd Yd Zd Xr Yr Zr
%
-0.666374 -0.724364 0.176754 82.4782 144.6 0 82.4884 144.6 -0.00132551
-0.67533 -0.73457 0.0658496 82.4782 144.6 0 82.4999 144.606 -0.0012721
-0.671948 -0.730361 0.122715 82.4782 144.6 0 82.529 144.631 -0.00713244
-0.668037 -0.726211 0.162306 82.4782 144.6 0 82.5553 144.661 -0.0160283
-0.558931 -0.747838 0.358239 82.4782 144.6 0 82.5723 144.726 -0.0603322
-0.418352 -0.790105 0.448012 82.4782 144.6 0 82.5884 144.808 -0.118093
-0.313644 -0.787603 0.530386 82.4782 144.6 0 82.6021 144.911 -0.209652
-0.241988 -0.771206 0.588798 82.4782 144.6 0 82.6061 145.007 -0.311386
-0.21316 -0.747203 0.629484 82.4782 144.6 0 82.622 145.104 -0.424698
-0.193336 -0.724663 0.661426 82.4782 144.6 0 82.6345 145.186 -0.534862
-0.189046 -0.69452 0.694193 82.4782 144.6 0 82.6561 145.253 -0.653273
-0.195239 -0.669978 0.716248 82.4782 144.6 0 82.6821 145.299 -0.748062
-0.195246 -0.646939 0.737122 82.4782 144.6 0 82.699 145.331 -0.833809
-0.189677 -0.631198 0.752071 82.4782 144.6 0 82.7064 145.359 -0.905041
-0.182813 -0.615708 0.766475 82.4782 144.6 0 82.7092 145.378 -0.968773
-0.178096 -0.601495 0.778772 82.4782 144.6 0 82.7116 145.388 -1.02073
-0.176654 -0.590737 0.787288 82.4782 144.6 0 82.7146 145.39 -1.05378
-0.167146 -0.582396 0.795536 82.4782 144.6 0 82.7044 145.388 -1.07659
-0.154029 -0.576458 0.802478 82.4782 144.6 0 82.6881 145.385 -1.09364
-0.14237 -0.573117 0.807011 82.4782 144.6 0 82.6729 145.383 -1.10357
-0.136525 -0.569993 0.810228 82.4782 144.6 0 82.6646 145.378 -1.10623
-0.133895 -0.56836 0.811812 82.4782 144.6 0 82.6604 145.373 -1.10462
-0.129949 -0.564033 0.815463 82.4782 144.6 0 82.6551 145.367 -1.11016
-0.131771 -0.55994 0.817987 82.4782 144.6 0 82.6567 145.358 -1.10843
-0.143962 -0.550411 0.822388 82.4782 144.6 0 82.6698 145.332 -1.09472
-0.163218 -0.533192 0.8301 82.4782 144.6 0 82.6904 145.293 -1.0792
-0.19308 -0.505207 0.841122 82.4782 144.6 0 82.7212 145.236 -1.05891
-0.234347 -0.467892 0.85215 82.4782 144.6 0 82.7638 145.17 -1.03852
-0.295664 -0.413354 0.861232 82.4782 144.6 0 82.8266 145.087 -1.01506
-0.336503 -0.365821 0.867722 82.4782 144.6 0 82.9077 144.985 -1.00303
-0.330758 -0.359571 0.87253 82.4782 144.6 0 82.9944 144.879 -0.991392
-0.320796 -0.348745 0.880606 82.4782 144.6 0 83.0962 144.754 -0.988707
-0.313519 -0.340828 0.886308 82.4782 144.6 0 83.219 144.607 -0.970886
-0.299877 -0.325996 0.896549 82.4782 144.6 0 83.3332 144.459 -0.962414
-0.283275 -0.307959 0.908249 82.4782 144.6 0 83.4661 144.288 -0.953638
-0.257782 -0.280231 0.924672 82.4782 144.6 0 83.6007 144.105 -0.96192
-0.225455 -0.24509 0.942921 82.4782 144.6 0 83.7323 143.916 -0.980066
-0.190443 -0.207028 0.95962 82.4782 144.6 0 83.8822 143.708 -1.00469
-0.152952 -0.166274 0.974145 82.4782 144.6 0 84.0445 143.485 -1.03601
-0.114018 -0.123945 0.985717 82.4782 144.6 0 84.1961 143.27 -1.07881
-0.0668169 -0.0726221 0.995119 82.4782 144.6 0 84.3668 143.015 -1.13388
-0.0177327 -0.0192567 0.999657 82.4782 144.6 0 84.556 142.731 -1.1961
0.0292766 0.0318417 0.999064 82.4782 144.6 0 84.7449 142.44 -1.26584
0.0810206 0.0880895 0.992812 82.4782 144.6 0 84.9522 142.105 -1.33727
0.134669 0.146416 0.980014 82.4782 144.6 0 85.1561 141.748 -1.40739
0.180626 0.196382 0.963747 82.4782 144.6 0 85.3479 141.404 -1.47841
0.22515 0.244782 0.943074 82.4782 144.6 0 85.5611 141.019 -1.5547
0.271546 0.276024 0.921994 86.1501 141.222 0 85.777 140.632 -1.62426
0.302469 0.307464 0.902207 86.1501 141.222 0 85.9711 140.268 -1.68554
0.334766 0.340296 0.87871 86.1501 141.222 0 86.171 139.882 -1.73109
0.36364 0.369643 0.855062 86.1501 141.222 0 86.3616 139.504 -1.77462
0.390859 0.397309 0.830286 86.1501 141.222 0 86.5327 139.15 -1.8011
0.418064 0.424967 0.802886 86.1501 141.222 0 86.7102 138.778 -1.81719
0.44293 0.450242 0.775303 86.1501 141.222 0 86.878 138.42 -1.82513
0.464886 0.472561 0.74871 86.1501 141.222 0 87.0308 138.091 -1.82332
0.485121 0.493135 0.722132 86.1501 141.222 0 87.1936 137.75 -1.81965
0.502826 0.51113 0.697074 86.1501 141.222 0 87.3399 137.444 -1.80735
0.51954 0.528122 0.671688 86.1501 141.222 0 87.4911 137.131 -1.7915
0.534431 0.543257 0.647499 86.1501 141.222 0 87.6347 136.837 -1.77102
0.54802 0.55707 0.623977 86.1501 141.222 0 87.7658 136.569 -1.74388
0.560882 0.570146 0.600287 86.1501 141.222 0 87.8852 136.31 -1.71509
0.591987 0.56263 0.57706 89.6874 137.742 0 88.0023 136.07 -1.67666
0.601311 0.571492 0.55841 89.6874 137.742 0 88.1043 135.873 -1.63933
0.609052 0.578849 0.542209 89.6874 137.742 0 88.2087 135.685 -1.60618
0.615383 0.584864 0.528429 89.6874 137.742 0 88.3157 135.507 -1.57717
0.620364 0.589601 0.517223 89.6874 137.742 0 88.4253 135.356 -1.54636
0.624227 0.593271 0.508301 89.6874 137.742 0 88.5378 135.215 -1.51948
0.62775 0.596623 0.499971 89.6874 137.742 0 88.6453 135.09 -1.49102
0.629857 0.598627 0.494901 89.6874 137.742 0 88.7467 134.991 -1.46788
0.630804 0.599524 0.492602 89.6874 137.742 0 88.8565 134.897 -1.4503
0.630278 0.599025 0.493881 89.6874 137.742 0 88.9629 134.819 -1.44186
0.627953 0.596811 0.499491 89.6874 137.742 0 89.0807 134.763 -1.43661
0.623529 0.592609 0.509928 89.6874 137.742 0 89.1958 134.718 -1.44618
0.617168 0.586567 0.524445 89.6874 137.742 0 89.3173 134.683 -1.46312
0.609377 0.579159 0.541512 89.6874 137.742 0 89.4397 134.654 -1.48586
0.599388 0.56967 0.562326 89.6874 137.742 0 89.5803 134.625 -1.51279
0.589764 0.560523 0.581372 89.6874 137.742 0 89.7248 134.592 -1.53128
0.57943 0.550703 0.600822 89.6874 137.742 0 89.8596 134.564 -1.55196
0.568181 0.540007 0.620938 89.6874 137.742 0 90.0089 134.53 -1.568
0.555685 0.52813 0.6421 89.6874 137.742 0 90.1679 134.493 -1.58319
0.542458 0.515562 0.663276 89.6874 137.742 0 90.3244 134.449 -1.60115
0.525989 0.499911 0.688058 89.6874 137.742 0 90.4967 134.401 -1.62605
0.508856 0.48363 0.712158 89.6874 137.742 0 90.6781 134.337 -1.65093
0.492341 0.467933 0.733921 89.6874 137.742 0 90.8443 134.273 -1.67627
0.473848 0.450359 0.756733 89.6874 137.742 0 91.0253 134.198 -1.70354
0.455591 0.433007 0.77778 89.6874 137.742 0 91.2056 134.112 -1.73231
0.43826 0.416538 0.796508 89.6874 137.742 0 91.3803 134.021 -1.76022
0.421089 0.400219 0.813946 89.6874 137.742 0 91.5642 133.908 -1.79449
0.405159 0.385076 0.829194 89.6874 137.742 0 91.7471 133.79 -1.82449
0.394213 0.374676 0.839175 89.6874 137.742 0 91.9154 133.665 -1.84172
0.383776 0.364753 0.848334 89.6874 137.742 0 92.0856 133.53 -1.86453
0.387537 0.344264 0.855159 93.0868 134.165 0 92.2868 133.357 -1.87196
0.383263 0.340472 0.858597 93.0868 134.165 0 92.4195 133.231 -1.87448
0.38003 0.337597 0.861165 93.0868 134.165 0 92.5909 133.063 -1.86827
0.378578 0.336304 0.86231 93.0868 134.165 0 92.7308 132.921 -1.86066
0.378554 0.336289 0.862326 93.0868 134.165 0 92.8742 132.773 -1.84489
0.380072 0.337635 0.861132 93.0868 134.165 0 93.0211 132.615 -1.82716
0.381747 0.339125 0.859805 93.0868 134.165 0 93.1561 132.467 -1.81223
0.385453 0.34242 0.85684 93.0868 134.165 0 93.2896 132.313 -1.79254
0.388716 0.345313 0.854201 93.0868 134.165 0 93.4276 132.159 -1.77016
0.393418 0.349495 0.850339 93.0868 134.165 0 93.5507 132.016 -1.74612
0.396918 0.352605 0.847423 93.0868 134.165 0 93.6765 131.872 -1.72687
0.399636 0.35502 0.845134 93.0868 134.165 0 93.8 131.734 -1.70951
0.402856 0.357878 0.842396 93.0868 134.165 0 93.9186 131.607 -1.68343
0.406601 0.361208 0.839169 93.0868 134.165 0 94.032 131.48 -1.66121
0.411262 0.365346 0.835096 93.0868 134.165 0 94.1471 131.353 -1.63184
0.41344 0.36728 0.83317 93.0868 134.165 0 94.2564 131.237 -1.61299
0.418703 0.371964 0.828451 93.0868 134.165 0 94.3661 131.109 -1.58788
0.424969 0.377524 0.822725 93.0868 134.165 0 94.4774 130.982 -1.55557
0.431378 0.383223 0.816734 93.0868 134.165 0 94.5769 130.859 -1.53156
0.439561 0.390492 0.808889 93.0868 134.165 0 94.6795 130.724 -1.50558
0.448188 0.398152 0.800376 93.0868 134.165 0 94.777 130.59 -1.48338
0.45717 0.40613 0.791236 93.0868 134.165 0 94.8692 130.454 -1.46492
0.466329 0.414267 0.781614 93.0868 134.165 0 94.9674 130.307 -1.44897
0.477246 0.42397 0.769731 93.0868 134.165 0 95.0687 130.155 -1.4247
0.485327 0.431146 0.760638 93.0868 134.165 0 95.1644 130.013 -1.41085
0.493796 0.438674 0.750821 93.0868 134.165 0 95.2662 129.867 -1.39305
0.499636 0.443863 0.743875 93.0868 134.165 0 95.3687 129.719 -1.38787
0.516675 0.428731 0.741105 96.3455 130.497 0 95.4709 129.589 -1.38313
0.517984 0.429814 0.739562 96.3455 130.497 0 95.5773 129.453 -1.38223
0.520416 0.431836 0.736671 96.3455 130.497 0 95.6853 129.317 -1.37412
0.521585 0.432802 0.735276 96.3455 130.497 0 95.7849 129.192 -1.37186
0.521516 0.432753 0.735355 96.3455 130.497 0 95.8986 129.063 -1.36695
0.524787 0.435467 0.731414 96.3455 130.497 0 96.0125 128.928 -1.34933
0.525786 0.436291 0.730205 96.3455 130.497 0 96.1214 128.811 -1.33518
0.528535 0.438576 0.726844 96.3455 130.497 0 96.2445 128.677 -1.31202
0.5298 0.439624 0.725289 96.3455 130.497 0 96.3701 128.544 -1.29391
0.528414 0.438477 0.726992 96.3455 130.497 0 96.496 128.428 -1.27598
0.526158 0.436607 0.729748 96.3455 130.497 0 96.6261 128.307 -1.26215
0.523446 0.434356 0.733035 96.3455 130.497 0 96.7609 128.186 -1.24564
0.517204 0.429176 0.740479 96.3455 130.497 0 96.8955 128.077 -1.23612
0.511085 0.424101 0.747617 96.3455 130.497 0 97.0363 127.963 -1.22302
0.504138 0.418336 0.75554 96.3455 130.497 0 97.1818 127.85 -1.20732
0.497946 0.413199 0.762441 96.3455 130.497 0 97.3177 127.742 -1.19164
0.490469 0.406995 0.770581 96.3455 130.497 0 97.4578 127.628 -1.18026
0.482554 0.40043 0.778972 96.3455 130.497 0 97.5865 127.518 -1.17668
0.476351 0.395284 0.785392 96.3455 130.497 0 97.7175 127.397 -1.17192
0.467241 0.387725 0.794579 96.3455 130.497 0 97.8444 127.274 -1.18344
0.462031 0.383401 0.799707 96.3455 130.497 0 97.9538 127.156 -1.19325
0.452911 0.375837 0.808467 96.3455 130.497 0 98.0688 127.037 -1.213
0.443668 0.368165 0.817076 96.3455 130.497 0 98.1829 126.912 -1.24036
0.436064 0.361854 0.82396 96.3455 130.497 0 98.2874 126.792 -1.26743
0.429679 0.356556 0.829605 96.3455 130.497 0 98.3921 126.659 -1.30132
0.421027 0.349382 0.837059 96.3455 130.497 0 98.4877 126.542 -1.34116
0.413908 0.343475 0.843033 96.3455 130.497 0 98.5677 126.436 -1.38438
0.404209 0.335419 0.850946 96.3455 130.497 0 98.642 126.333 -1.44446
0.392382 0.325609 0.860242 96.3455 130.497 0 98.6951 126.256 -1.5178
0.378466 0.314063 0.870706 96.3455 130.497 0 98.7349 126.214 -1.5861
0.356702 0.296001 0.886085 96.3455 130.497 0 98.769 126.213 -1.66442
0.783703 0.60686 0.132403 99.4608 126.743 0 98.9315 125.972 -0.118904
0.760568 0.588949 0.273269 99.4608 126.743 0 99.1194 125.706 -0.256937
0.724998 0.561404 0.399003 99.4608 126.743 0 99.3145 125.431 -0.399772
0.676861 0.524134 0.516858 99.4608 126.743 0 99.5325 125.119 -0.565752
0.627468 0.485884 0.608441 99.4608 126.743 0 99.769 124.797 -0.726548
0.57855 0.44801 0.681591 99.4608 126.743 0 100.013 124.481 -0.882597
0.529368 0.409924 0.742786 99.4608 126.743 0 100.293 124.145 -1.03459
0.486767 0.376936 0.788021 99.4608 126.743 0 100.577 123.807 -1.17094
0.455231 0.35252 0.817615 99.4608 126.743 0 100.834 123.484 -1.29074
0.428687 0.331963 0.840255 99.4608 126.743 0 101.12 123.13 -1.39395
0.414779 0.321196 0.851347 99.4608 126.743 0 101.4 122.753 -1.47573
0.411331 0.318531 0.854016 99.4608 126.743 0 101.652 122.385 -1.53461
0.416986 0.300919 0.857654 102.43 122.908 0 101.921 121.994 -1.58023
0.414946 0.299449 0.859157 102.43 122.908 0 102.184 121.607 -1.61237
0.417521 0.301308 0.857257 102.43 122.908 0 102.42 121.249 -1.63086
0.421835 0.304424 0.854038 102.43 122.908 0 102.669 120.87 -1.63956
0.430627 0.310771 0.847338 102.43 122.908 0 102.91 120.496 -1.63115
0.439519 0.317189 0.840365 102.43 122.908 0 103.138 120.152 -1.6106
0.453205 0.327067 0.829236 102.43 122.908 0 103.373 119.787 -1.575
0.470905 0.339838 0.8141 102.43 122.908 0 103.598 119.431 -1.52421
0.488381 0.352452 0.798287 102.43 122.908 0 103.802 119.109 -1.47188
0.513084 0.370283 0.774361 102.43 122.908 0 104.004 118.77 -1.40129
0.540406 0.390002 0.74556 102.43 122.908 0 104.192 118.44 -1.32636
0.580362 0.389644 0.715093 105.252 118.998 0 104.366 118.129 -1.24738
0.609595 0.409277 0.678886 105.252 118.998 0 104.534 117.811 -1.16269
0.639315 0.42923 0.637995 105.252 118.998 0 104.696 117.491 -1.07786
0.66876 0.448997 0.592589 105.252 118.998 0 104.837 117.201 -0.990136
0.696067 0.467334 0.54506 105.252 118.998 0 104.97 116.897 -0.913481
0.722605 0.48515 0.492415 105.252 118.998 0 105.094 116.591 -0.833162
0.743313 0.499054 0.445456 105.252 118.998 0 105.207 116.298 -0.767202
0.763561 0.512651 0.392637 105.252 118.998 0 105.327 115.973 -0.693269
0.77902 0.523028 0.345788 105.252 118.998 0 105.443 115.672 -0.624582
0.791285 0.531265 0.302696 105.252 118.998 0 105.568 115.355 -0.561661
0.800992 0.53778 0.263069 105.252 118.998 0 105.691 115.047 -0.501192
0.807628 0.54224 0.231761 105.252 118.998 0 105.805 114.769 -0.452184
0.812312 0.545385 0.206648 105.252 118.998 0 105.932 114.484 -0.412066
0.815535 0.547547 0.187335 105.252 118.998 0 106.066 114.21 -0.380059
0.817776 0.549052 0.172582 105.252 118.998 0 106.196 113.967 -0.354031
0.83713 0.521771 0.164223 107.923 115.02 0 106.336 113.713 -0.339301
0.83687 0.52161 0.166049 107.923 115.02 0 106.488 113.468 -0.343323
0.835862 0.520984 0.172945 107.923 115.02 0 106.639 113.243 -0.356222
0.834085 0.519873 0.184484 107.923 115.02 0 106.811 113.003 -0.377324
0.831194 0.518073 0.201786 107.923 115.02 0 106.988 112.767 -0.408898
0.827374 0.515694 0.222513 107.923 115.02 0 107.169 112.541 -0.445211
0.821689 0.512149 0.250062 107.923 115.02 0 107.368 112.304 -0.492555
0.813519 0.507058 0.284744 107.923 115.02 0 107.58 112.073 -0.54947
0.80148 0.499555 0.328749 107.923 115.02 0 107.837 111.803 -0.617425
0.791198 0.493149 0.361678 107.923 115.02 0 108.027 111.615 -0.664402
0.777686 0.484726 0.400306 107.923 115.02 0 108.247 111.401 -0.716227
0.75971 0.473526 0.445661 107.923 115.02 0 108.481 111.174 -0.776894
0.740404 0.461494 0.488698 107.923 115.02 0 108.72 110.955 -0.82526
0.71857 0.447887 0.532029 107.923 115.02 0 108.972 110.719 -0.869973
0.699676 0.436113 0.565915 107.923 115.02 0 109.22 110.467 -0.8975
0.695984 0.40165 0.595217 110.442 110.978 0 109.459 110.215 -0.913001
0.674767 0.389404 0.62694 110.442 110.978 0 109.721 109.936 -0.921408
0.648854 0.374452 0.662401 110.442 110.978 0 109.981 109.661 -0.934712
0.616818 0.355968 0.702013 110.442 110.978 0 110.274 109.349 -0.94604
0.577464 0.333257 0.745302 110.442 110.978 0 110.571 109.03 -0.963554
0.525325 0.303172 0.79506 110.442 110.978 0 110.866 108.727 -0.993452
0.460486 0.265754 0.846952 110.442 110.978 0 111.182 108.396 -1.035
0.384267 0.221769 0.89619 110.442 110.978 0 111.506 108.057 -1.08739
0.303995 0.17545 0.936378 110.442 110.978 0 111.827 107.724 -1.13807
0.211985 0.122353 0.969584 110.442 110.978 0 112.17 107.374 -1.20882
0.12658 0.0730652 0.989262 110.442 110.978 0 112.5 107.033 -1.27976
0.0384131 0.0204609 0.999052 112.808 106.879 0 112.854 106.664 -1.3612
-0.0463614 -0.0246889 0.99862 112.808 106.879 0 113.208 106.289 -1.44731
-0.117168 -0.0624038 0.991149 112.808 106.879 0 113.555 105.913 -1.53531
-0.170236 -0.0906667 0.981223 112.808 106.879 0 113.875 105.547 -1.60693
-0.216683 -0.115401 0.969397 112.808 106.879 0 114.21 105.152 -1.68259
-0.248268 -0.132224 0.959625 112.808 106.879 0 114.504 104.778 -1.73886
-0.273535 -0.14568 0.950766 112.808 106.879 0 114.796 104.382 -1.78367
-0.290761 -0.154853 0.944181 112.808 106.879 0 115.068 103.979 -1.81143
-0.299343 -0.159421 0.940733 112.808 106.879 0 115.305 103.586 -1.81982
-0.303775 -0.161782 0.938908 112.808 106.879 0 115.536 103.169 -1.81215
-0.313768 -0.153628 0.936989 115.018 102.728 0 115.751 102.741 -1.78172
-0.317576 -0.15549 0.935397 115.018 102.728 0 115.937 102.342 -1.73325
-0.314091 -0.153785 0.936855 115.018 102.728 0 116.112 101.912 -1.67154
-0.307522 -0.150564 0.939553 115.018 102.728 0 116.274 101.483 -1.59219
-0.295574 -0.144715 0.944295 115.018 102.728 0 116.409 101.082 -1.5058
-0.280083 -0.137126 0.950132 115.018 102.728 0 116.549 100.652 -1.40727
-0.262314 -0.128425 0.956399 115.018 102.728 0 116.681 100.235 -1.30049
-0.235801 -0.115439 0.964921 115.018 102.728 0 116.794 99.8447 -1.20254
-0.200271 -0.098039 0.974823 115.018 102.728 0 116.906 99.4434 -1.09801
-0.156972 -0.0768388 0.984609 115.018 102.728 0 117.018 99.0478 -1.00109
-0.015933 -0.175392 0.98437 117.073 98.5318 0 117.088 98.698 -0.932818
-0.018361 -0.00821734 0.999798 117.073 98.5318 0 117.141 98.4228 -0.879065
0.0139473 0.00624639 0.999883 117.073 98.5318 0 117.169 98.2851 -0.854886
0.038139 0.0170727 0.999127 117.073 98.5318 0 117.153 98.2644 -0.860828
0.0489265 0.0219 0.998562 117.073 98.5318 0 117.104 98.346 -0.879771
0.0317173 0.01419 0.999396 117.073 98.5318 0 117.053 98.4975 -0.916158
0.0713046 -0.148411 0.986352 117.073 98.5318 0 117.003 98.6774 -0.967668
-0.0374476 -0.018309 0.999131 115.018 102.728 0 116.948 98.8849 -1.03835
-0.0746819 -0.0365488 0.996537 115.018 102.728 0 116.898 99.0952 -1.08941
-0.105114 -0.0514501 0.993128 115.018 102.728 0 116.846 99.2956 -1.11939
-0.122537 -0.0599817 0.99065 115.018 102.728 0 116.786 99.4773 -1.14804
-0.114487 -0.0560371 0.991843 115.018 102.728 0 116.707 99.6257 -1.18577
-0.108424 -0.0530724 0.992687 115.018 102.728 0 116.644 99.7417 -1.20941
-0.104969 -0.0513839 0.993147 115.018 102.728 0 116.593 99.837 -1.21537
-0.118816 -0.0581607 0.991211 115.018 102.728 0 116.573 99.9193 -1.20949
-0.898176 -0.439635 -0.000679024 115.018 102.728 0 116.684 99.6521 9.72748e-005
0.274252 -0.961631 -0.0071759 117.073 98.5318 0 116.863 99.2664 0.00548172
-0.13758 -0.989447 -0.0454551 117.073 98.5318 0 117.117 98.8519 0.0147057
-0.912597 -0.408415 -0.0190569 117.073 98.5318 0 117.334 98.4218 0.00368309
-0.911769 -0.40803 0.0467828 117.073 98.5318 0 117.559 98.0318 -0.0112362
-0.912511 -0.408331 -0.0242761 117.073 98.5318 0 117.847 97.606 0.00797081
-0.91278 -0.408452 -0.000534369 117.073 98.5318 0 118.106 97.1835 0.000209808
-0.91262 -0.408388 0.0185202 117.073 98.5318 0 118.396 96.7138 -0.00861549
-0.912759 -0.408442 0.00673748 117.073 98.5318 0 118.68 96.2239 -0.0035305
-0.912489 -0.408321 0.0252524 117.073 98.5318 0 118.963 95.7085 -0.0144424
-0.911379 -0.407813 0.0554661 117.073 98.5318 0 119.212 95.2006 -0.0328846
-0.704802 -0.705779 0.0716203 119.013 94.1972 0 119.464 94.6489 -0.0458431
-0.922627 -0.374709 0.0913916 119.013 94.1972 0 119.686 94.1312 -0.0549889
-0.923032 -0.374868 0.0865207 119.013 94.1972 0 119.905 93.5789 -0.0516205
-0.924922 -0.375639 0.0584401 119.013 94.1972 0 120.117 93.033 -0.034235
-0.926321 -0.3762 0.0200548 119.013 94.1972 0 120.305 92.5324 -0.0114498
-0.925767 -0.375967 -0.0400481 119.013 94.1972 0 120.493 92.0014 0.021862
-0.917918 -0.372775 -0.135888 119.013 94.1972 0 120.682 91.478 0.0717621
-0.901177 -0.365969 -0.232264 119.013 94.1972 0 120.85 90.9954 0.118736
-0.332198 -0.911805 -0.241364 120.787 89.8274 0 121.03 90.4927 0.176109
-0.808296 -0.343024 -0.478531 120.787 89.8274 0 121.192 89.9992 0.239634
-0.76447 -0.27967 -0.580835 120.787 89.8274 0 121.324 89.5508 0.291964
-0.687923 -0.25166 -0.680756 120.787 89.8274 0 121.472 89.0781 0.357986
-0.594591 -0.21751 -0.774048 120.787 89.8274 0 121.619 88.6191 0.447767
-0.498696 -0.18243 -0.847362 120.787 89.8274 0 121.742 88.188 0.531738
-0.38488 -0.140785 -0.912166 120.787 89.8274 0 121.847 87.7377 0.617651
-0.278079 -0.101715 -0.955158 120.787 89.8274 0 121.951 87.2793 0.702183
-0.175168 -0.0640671 -0.982452 120.787 89.8274 0 122.048 86.8232 0.797787
-0.0889199 -0.0325126 -0.995508 120.787 89.8274 0 122.136 86.3884 0.891907
-0.0094771 -0.00344622 -0.999949 120.787 89.8274 0 122.223 85.9312 0.991753
0.0612851 0.0224461 -0.997868 120.787 89.8274 0 122.294 85.5045 1.08162
0.113988 0.037219 -0.992785 122.397 85.4289 0 122.366 85.0613 1.18604
0.159165 0.0519699 -0.985883 122.397 85.4289 0 122.427 84.6299 1.28695
0.190629 0.0622425 -0.979687 122.397 85.4289 0 122.491 84.2313 1.37738
0.22056 0.0720209 -0.972711 122.397 85.4289 0 122.555 83.8201 1.46217
0.247885 0.0809408 -0.965402 122.397 85.4289 0 122.619 83.4113 1.53486
0.268603 0.0877066 -0.95925 122.397 85.4289 0 122.685 83.031 1.59635
0.29376 0.0959207 -0.951054 122.397 85.4289 0 122.748 82.6325 1.64295
0.314952 0.102841 -0.943519 122.397 85.4289 0 122.813 82.2478 1.68474
0.337929 0.110343 -0.934681 122.397 85.4289 0 122.865 81.8917 1.71492
0.361713 0.11811 -0.924778 122.397 85.4289 0 122.919 81.5237 1.73953
0.385095 0.125746 -0.91427 122.397 85.4289 0 122.968 81.1748 1.75396
0.405577 0.132432 -0.904416 122.397 85.4289 0 123.013 80.8613 1.76391
0.42579 0.122611 -0.896476 123.84 81.0081 0 123.061 80.5521 1.77065
0.443328 0.127663 -0.887222 123.84 81.0081 0 123.098 80.2626 1.76765
0.46028 0.132545 -0.877824 123.84 81.0081 0 123.13 80.0039 1.75939
0.4774 0.137474 -0.867865 123.84 81.0081 0 123.16 79.7393 1.75524
0.494337 0.142353 -0.857535 123.84 81.0081 0 123.182 79.4848 1.7568
0.509098 0.146603 -0.848131 123.84 81.0081 0 123.203 79.251 1.7577
0.52173 0.150243 -0.839776 123.84 81.0081 0 123.228 79.0169 1.76163
0.533456 0.15362 -0.83176 123.84 81.0081 0 123.256 78.7983 1.75623
0.545133 0.156982 -0.823521 123.84 81.0081 0 123.284 78.6006 1.74326
0.560609 0.161437 -0.812192 123.84 81.0081 0 123.306 78.3969 1.71993
0.575938 0.165854 -0.800492 123.84 81.0081 0 123.32 78.209 1.70134
0.588233 0.169395 -0.790751 123.84 81.0081 0 123.342 78.0104 1.68966
0.600304 0.172871 -0.780866 123.84 81.0081 0 123.358 77.806 1.68586
0.611358 0.176053 -0.771523 123.84 81.0081 0 123.372 77.6122 1.6853
0.623252 0.179479 -0.761146 123.84 81.0081 0 123.38 77.4287 1.68066
0.632714 0.182204 -0.752645 123.84 81.0081 0 123.398 77.2398 1.67769
0.643039 0.185178 -0.743108 123.84 81.0081 0 123.411 77.0613 1.67073
0.650774 0.187406 -0.73578 123.84 81.0081 0 123.438 76.8718 1.66365
0.658655 0.189677 -0.728146 123.84 81.0081 0 123.464 76.682 1.6559
0.667427 0.192203 -0.719444 123.84 81.0081 0 123.485 76.5027 1.64428
0.675523 0.194535 -0.711214 123.84 81.0081 0 123.51 76.3124 1.63527
0.687546 0.171974 -0.705483 125.118 76.5714 0 123.542 76.1108 1.63274
0.692128 0.17312 -0.700706 125.118 76.5714 0 123.573 75.909 1.62948
0.69225 0.173151 -0.700577 125.118 76.5714 0 123.625 75.6848 1.63266
0.693151 0.173376 -0.69963 125.118 76.5714 0 123.675 75.4657 1.63338
0.691873 0.173056 -0.700974 125.118 76.5714 0 123.732 75.2571 1.63472
0.693277 0.17341 -0.699496 125.118 76.5714 0 123.784 75.0316 1.63167
0.695639 0.174002 -0.697 125.118 76.5714 0 123.833 74.7891 1.6315
0.694657 0.173755 -0.698041 125.118 76.5714 0 123.888 74.5405 1.6431
0.694244 0.173653 -0.698477 125.118 76.5714 0 123.934 74.2691 1.66565
0.693061 0.173358 -0.699724 125.118 76.5714 0 123.982 74.0026 1.68951
0.689943 0.172579 -0.70299 125.118 76.5714 0 124.029 73.7522 1.71954
0.689925 0.172574 -0.703009 125.118 76.5714 0 124.067 73.4901 1.7467
0.688315 0.172171 -0.704684 125.118 76.5714 0 124.11 73.2162 1.77923
0.68612 0.171623 -0.706954 125.118 76.5714 0 124.15 72.9529 1.81543
0.682266 0.17066 -0.710907 125.118 76.5714 0 124.198 72.672 1.85812
0.677615 0.169497 -0.715618 125.118 76.5714 0 124.252 72.3904 1.89992
0.673939 0.168579 -0.719296 125.118 76.5714 0 124.309 72.1138 1.9321
0.670171 0.167636 -0.723028 125.118 76.5714 0 124.373 71.8139 1.96404
0.668283 0.142258 -0.730179 126.23 72.125 0 124.448 71.5132 1.99876
0.659845 0.140462 -0.738157 126.23 72.125 0 124.525 71.2288 2.02899
0.649496 0.13826 -0.747689 126.23 72.125 0 124.617 70.9152 2.05992
0.640974 0.136446 -0.755338 126.23 72.125 0 124.708 70.5895 2.08361
0.630112 0.134135 -0.764831 126.23 72.125 0 124.809 70.2687 2.10865
0.620727 0.132138 -0.772811 126.23 72.125 0 124.909 69.9186 2.13273
0.608625 0.129563 -0.782808 126.23 72.125 0 125.026 69.5617 2.1525
0.595819 0.126838 -0.793039 126.23 72.125 0 125.146 69.2213 2.16748
0.58458 0.124446 -0.801735 126.23 72.125 0 125.272 68.8572 2.16883
0.570279 0.121403 -0.812431 126.23 72.125 0 125.414 68.498 2.16359
0.556728 0.118517 -0.822197 126.23 72.125 0 125.548 68.173 2.15099
0.542927 0.115582 -0.831788 126.23 72.125 0 125.69 67.83 2.13108
0.529533 0.112731 -0.840766 126.23 72.125 0 125.824 67.5213 2.10437
0.512549 0.0902524 -0.853901 127.177 67.6754 0 125.978 67.1946 2.0742
0.492609 0.0867404 -0.865917 127.177 67.6754 0 126.12 66.8792 2.04026
0.470419 0.0828364 -0.878547 127.177 67.6754 0 126.259 66.5925 2.00857
0.444686 0.0783053 -0.892257 127.177 67.6754 0 126.401 66.3231 1.97322
0.423188 0.0745201 -0.902972 127.177 67.6754 0 126.523 66.0827 1.93324
0.405055 0.0713278 -0.911506 127.177 67.6754 0 126.622 65.8833 1.89944
0.383734 0.0675747 -0.920968 127.177 67.6754 0 126.726 65.6778 1.86904
0.366963 0.0646227 -0.927988 127.177 67.6754 0 126.812 65.4605 1.85034
0.352675 0.0621078 -0.933682 127.177 67.6754 0 126.885 65.2548 1.84509
0.339863 0.0598517 -0.938569 127.177 67.6754 0 126.938 65.0784 1.86353
0.326951 0.0575787 -0.943286 127.177 67.6754 0 126.986 64.9136 1.89583
0.321083 0.0565444 -0.945361 127.177 67.6754 0 127.006 64.7781 1.94484
0.332212 0.0585051 -0.941389 127.177 67.6754 0 126.984 64.6428 1.99796
0.349244 0.0615022 -0.935011 127.177 67.6754 0 126.942 64.5192 2.05393
0.973629 0.171466 -0.150484 127.177 67.6754 0 126.926 64.3175 0.12627
0.944817 0.166391 -0.282195 127.177 67.6754 0 126.934 64.1169 0.251771
0.901259 0.158721 -0.403163 127.177 67.6754 0 126.951 63.887 0.387256
0.853023 0.150224 -0.499785 127.177 67.6754 0 126.964 63.6383 0.52473
0.800277 0.140936 -0.582832 127.177 67.6754 0 126.975 63.3721 0.67773
0.741729 0.103602 -0.662649 127.96 63.2288 0 126.991 63.0384 0.871982
0.680047 0.0949856 -0.726989 127.96 63.2288 0 126.994 62.6382 1.09919
0.629705 0.0879562 -0.771839 127.96 63.2288 0 126.995 62.1951 1.33311
0.594615 0.0830553 -0.799709 127.96 63.2288 0 126.97 61.6726 1.59244
0.564365 0.0788321 -0.821753 127.96 63.2288 0 126.941 61.1193 1.87523
0.547592 0.0764891 -0.833242 127.96 63.2288 0 126.898 60.6028 2.13227
0.533664 0.0745438 -0.842405 127.96 63.2288 0 126.858 60.0679 2.3901
0.523256 0.0730907 -0.849035 127.96 63.2288 0 126.825 59.5588 2.62257
0.5137 0.0717563 -0.854964 127.96 63.2288 0 126.808 59.0994 2.8214
0.506046 0.0706883 -0.859605 127.96 63.2288 0 126.801 58.6311 3.00116
0.497305 0.0514909 -0.866046 128.58 58.7915 0 126.812 58.1818 3.15441
0.485689 0.0502886 -0.872684 128.58 58.7915 0 126.845 57.7754 3.27113
0.473013 0.0489766 -0.879693 128.58 58.7915 0 126.895 57.3615 3.37162
0.461013 0.0477345 -0.886109 128.58 58.7915 0 126.954 56.968 3.45024
0.450604 0.0466577 -0.891504 128.58 58.7915 0 127.01 56.624 3.51214
0.44139 0.0457037 -0.896151 128.58 58.7915 0 127.064 56.2828 3.56592
0.435536 0.0450985 -0.899041 128.58 58.7915 0 127.107 55.9684 3.60512
0.433973 0.0449373 -0.899805 128.58 58.7915 0 127.127 55.7004 3.63648
0.433468 0.0448851 -0.900051 128.58 58.7915 0 127.144 55.4363 3.66351
0.437463 0.0452983 -0.898095 128.58 58.7915 0 127.145 55.1956 3.67106
0.442059 0.0457754 -0.895817 128.58 58.7915 0 127.14 54.9833 3.67786
0.447113 0.0462986 -0.893278 128.58 58.7915 0 127.135 54.7657 3.67905
0.451403 0.0467431 -0.891095 128.58 58.7915 0 127.134 54.5623 3.678
0.452586 0.0468654 -0.890488 128.58 58.7915 0 127.145 54.3729 3.68409
0.452969 0.0306131 -0.891001 129.037 54.3695 0 127.168 54.1732 3.68667
0.449042 0.0303485 -0.892995 129.037 54.3695 0 127.205 53.9877 3.67954
0.443841 0.0299969 -0.895604 129.037 54.3695 0 127.254 53.792 3.66157
0.434495 0.0293656 -0.900195 129.037 54.3695 0 127.32 53.5855 3.65153
0.424075 0.0286617 -0.905173 129.037 54.3695 0 127.39 53.3684 3.64527
0.41126 0.0277955 -0.911094 129.037 54.3695 0 127.466 53.1602 3.64666
0.395495 0.0267303 -0.918079 129.037 54.3695 0 127.556 52.9363 3.64615
0.376682 0.0254594 -0.925993 129.037 54.3695 0 127.657 52.7211 3.65054
0.354422 0.0239558 -0.934779 129.037 54.3695 0 127.771 52.4948 3.65747
0.331597 0.0224131 -0.943155 129.037 54.3695 0 127.889 52.2628 3.6553
0.307009 0.0207515 -0.95148 129.037 54.3695 0 128.014 52.0149 3.64842
0.283616 0.0191715 -0.958746 129.037 54.3695 0 128.129 51.7761 3.64789
0.257416 0.017401 -0.966144 129.037 54.3695 0 128.252 51.5107 3.65675
0.235333 0.0159091 -0.971785 129.037 54.3695 0 128.354 51.2546 3.67303
0.21172 0.0143133 -0.977226 129.037 54.3695 0 128.459 50.9714 3.71106
0.190849 0.0129037 -0.981535 129.037 54.3695 0 128.552 50.6817 3.76032
0.172882 0.0116887 -0.984873 129.037 54.3695 0 128.63 50.4163 3.82458
0.15827 0.0107021 -0.987338 129.037 54.3695 0 128.696 50.1344 3.9001
0.147629 0.00467924 -0.989032 129.335 49.9692 0 128.744 49.857 3.97585
0.134886 0.00427587 -0.990852 129.335 49.9692 0 128.795 49.589 4.04776
0.124566 0.00394862 -0.992203 129.335 49.9692 0 128.839 49.3153 4.11122
0.114668 0.00363535 -0.993397 129.335 49.9692 0 128.882 49.0511 4.17379
0.106212 0.00336735 -0.994338 129.335 49.9692 0 128.919 48.8019 4.23652
0.0985071 0.00312362 -0.995131 129.335 49.9692 0 128.954 48.5415 4.29729
0.0915566 0.00290398 -0.995796 129.335 49.9692 0 128.988 48.2698 4.35593
0.0858252 0.0027225 -0.996307 129.335 49.9692 0 129.017 48.019 4.40298
0.0794715 0.0025219 -0.996834 129.335 49.9692 0 129.05 47.7513 4.45416
0.0722895 0.00229442 -0.997381 129.335 49.9692 0 129.087 47.4879 4.50378
0.0658981 0.00209163 -0.997824 129.335 49.9692 0 129.12 47.2452 4.54956
0.0597768 0.0018979 -0.99821 129.335 49.9692 0 129.154 46.9968 4.58855
0.0539108 0.00171244 -0.998544 129.335 49.9692 0 129.187 46.7589 4.62008
0.048526 0.00154208 -0.998821 129.335 49.9692 0 129.218 46.5369 4.64266
0.0421408 0.00133998 -0.999111 129.335 49.9692 0 129.254 46.3034 4.66464
0.0336609 0.00107166 -0.999433 129.335 49.9692 0 129.3 46.0801 4.67822
0.0260324 0.000829504 -0.999661 129.335 49.9692 0 129.342 45.884 4.67996
0.0155118 0.000496481 -0.99988 129.335 49.9692 0 129.398 45.6821 4.67098
0.00770961 0.0224497 -0.999718 129.473 45.5963 0 129.473 45.4798 4.64385
0.0189139 0.0550672 -0.998303 129.473 45.5963 0 129.56 45.2823 4.61
0.0301791 0.0878632 -0.995675 129.473 45.5963 0 129.652 45.0849 4.562
0.0408103 0.118821 -0.992077 129.473 45.5963 0 129.75 44.8984 4.50127
0.0500001 0.145579 -0.988082 129.473 45.5963 0 129.842 44.7397 4.43231
0.0590346 0.171876 -0.983348 129.473 45.5963 0 129.94 44.5869 4.345
0.0664912 0.193595 -0.978826 129.473 45.5963 0 130.042 44.4616 4.24836
0.0733941 0.21369 -0.974141 129.473 45.5963 0 130.16 44.3474 4.13051
0.0794333 0.231272 -0.969641 129.473 45.5963 0 130.284 44.2566 3.9799
0.0849322 0.247284 -0.965213 129.473 45.5963 0 130.412 44.1833 3.80823
0.0899958 0.262035 -0.960853 129.473 45.5963 0 130.546 44.1208 3.63148
0.0948992 0.276312 -0.956371 129.473 45.5963 0 130.703 44.0701 3.41687
0.100246 0.291887 -0.951185 129.473 45.5963 0 130.873 44.019 3.19639
0.105789 0.308029 -0.945477 129.473 45.5963 0 131.074 43.973 2.94704
0.112669 0.328067 -0.937911 129.473 45.5963 0 131.284 43.9277 2.67648
0.119988 0.349394 -0.929261 129.473 45.5963 0 131.496 43.8869 2.41429
0.129362 0.376694 -0.917261 129.473 45.5963 0 131.728 43.8462 2.12517
0.141685 0.412599 -0.899826 129.473 45.5963 0 131.969 43.8055 1.82118
0.15806 0.460306 -0.873576 129.473 45.5963 0 132.223 43.758 1.51758
0.179212 0.521903 -0.833967 129.473 45.5963 0 132.471 43.7037 1.23333
0.208882 0.608327 -0.765706 129.473 45.5963 0 132.729 43.6376 0.946134
0.273224 0.705313 -0.654127 133.223 44.3084 0 132.963 43.5544 0.689195
0.317431 0.819468 -0.477189 133.223 44.3084 0 133.203 43.4422 0.442548
0.349359 0.9019 -0.254018 133.223 44.3084 0 133.439 43.3005 0.226364
0.360818 0.931511 -0.0457942 133.223 44.3084 0 133.647 43.1528 0.0423769
0.358495 0.925518 0.122059 133.223 44.3084 0 133.856 42.9761 -0.124655
0.351265 0.906851 0.23288 133.223 44.3084 0 134.055 42.7871 -0.267735
0.344398 0.889122 0.301416 133.223 44.3084 0 134.234 42.5978 -0.388829
0.339031 0.875284 0.344871 133.223 44.3084 0 134.421 42.39 -0.498166
0.335857 0.867086 0.367915 133.223 44.3084 0 134.606 42.1917 -0.583213
0.333428 0.860831 0.384442 133.223 44.3084 0 134.78 42.0155 -0.656197
0.33114 0.85492 0.399322 133.223 44.3084 0 134.959 41.8495 -0.725461
0.329271 0.850103 0.410981 133.223 44.3084 0 135.135 41.6944 -0.78741
0.327408 0.8453 0.422223 133.223 44.3084 0 135.298 41.5622 -0.843539
0.325948 0.841522 0.430811 133.223 44.3084 0 135.474 41.4341 -0.891234
0.324715 0.838351 0.437868 133.223 44.3084 0 135.651 41.3114 -0.933925
0.323483 0.83517 0.444803 133.223 44.3084 0 135.827 41.1998 -0.972388
0.321671 0.830501 0.454749 133.223 44.3084 0 136.009 41.0883 -1.01932
0.351166 0.811346 0.467334 136.903 42.8829 0 136.188 40.9885 -1.0691
0.347545 0.802975 0.484194 136.903 42.8829 0 136.363 40.9062 -1.12244
0.342176 0.790582 0.507834 136.903 42.8829 0 136.552 40.8351 -1.19001
0.335371 0.774869 0.535821 136.903 42.8829 0 136.739 40.7816 -1.26495
0.327288 0.756197 0.566612 136.903 42.8829 0 136.92 40.7513 -1.34048
0.315625 0.729248 0.607107 136.903 42.8829 0 137.108 40.7333 -1.4448
0.301509 0.696648 0.65098 136.903 42.8829 0 137.295 40.7273 -1.56294
0.285873 0.660519 0.694256 136.903 42.8829 0 137.466 40.7339 -1.68664
0.268742 0.620942 0.736348 136.903 42.8829 0 137.658 40.7341 -1.81977
0.251805 0.581822 0.773355 136.903 42.8829 0 137.855 40.7284 -1.95046
0.233656 0.539884 0.808659 136.903 42.8829 0 138.058 40.7174 -2.1008
0.217345 0.502213 0.836985 136.903 42.8829 0 138.245 40.7015 -2.24661
0.202062 0.466905 0.860913 136.903 42.8829 0 138.427 40.6803 -2.39628
0.186194 0.430241 0.883303 136.903 42.8829 0 138.617 40.6647 -2.55296
0.171968 0.397367 0.901402 136.903 42.8829 0 138.799 40.6438 -2.70954
0.157918 0.364916 0.91755 136.903 42.8829 0 138.986 40.6284 -2.86525
0.14632 0.338122 0.929658 136.903 42.8829 0 139.158 40.6077 -3.0086
0.134593 0.31103 0.940822 136.903 42.8829 0 139.343 40.5921 -3.14499
0.123766 0.286012 0.950199 136.903 42.8829 0 139.523 40.5823 -3.26419
0.113792 0.262971 0.95807 136.903 42.8829 0 139.709 40.5666 -3.3811
0.104421 0.241323 0.964811 136.903 42.8829 0 139.9 40.5507 -3.48531
0.0962759 0.222501 0.970167 136.903 42.8829 0 140.076 40.5353 -3.57712
0.0959951 0.199956 0.975091 140.507 41.3227 0 140.272 40.5137 -3.65384
0.088099 0.183513 0.979062 140.507 41.3227 0 140.462 40.4867 -3.71859
0.0819771 0.170765 0.981896 140.507 41.3227 0 140.651 40.4484 -3.7635
0.0771436 0.160699 0.983984 140.507 41.3227 0 140.846 40.3987 -3.78982
0.0745702 0.155339 0.985043 140.507 41.3227 0 141.052 40.3261 -3.78917
0.0739046 0.153958 0.98531 140.507 41.3227 0 141.252 40.2425 -3.75964
0.0749066 0.156048 0.984905 140.507 41.3227 0 141.473 40.1362 -3.70863
0.0773313 0.161103 0.983903 140.507 41.3227 0 141.695 40.0191 -3.64131
0.0806591 0.168043 0.982474 140.507 41.3227 0 141.927 39.8914 -3.56351
0.085469 0.178067 0.9803 140.507 41.3227 0 142.184 39.7416 -3.47296
0.0912566 0.190127 0.977509 140.507 41.3227 0 142.462 39.5759 -3.37763
0.098009 0.204206 0.974009 140.507 41.3227 0 142.739 39.4058 -3.27818
0.106887 0.222706 0.969009 140.507 41.3227 0 143.044 39.2086 -3.17044
0.117003 0.243779 0.962747 140.507 41.3227 0 143.352 39.0014 -3.06732
0.137676 0.260061 0.955727 144.032 39.6307 0 143.652 38.7954 -2.97552
0.147548 0.278713 0.948972 144.032 39.6307 0 143.985 38.5687 -2.89068
0.158258 0.298952 0.941054 144.032 39.6307 0 144.327 38.3323 -2.80867
0.168644 0.318578 0.932774 144.032 39.6307 0 144.645 38.108 -2.74036
0.179731 0.339527 0.923265 144.032 39.6307 0 144.971 37.874 -2.67506
0.19029 0.359475 0.913547 144.032 39.6307 0 145.29 37.6532 -2.60303
0.201529 0.38072 0.902462 144.032 39.6307 0 145.583 37.4444 -2.52712
0.213314 0.402985 0.89 144.032 39.6307 0 145.835 37.2389 -2.47912
0.224405 0.423941 0.877449 144.032 39.6307 0 146.088 37.0343 -2.43732
0.234096 0.442243 0.865806 144.032 39.6307 0 146.309 36.8514 -2.40661
0.242956 0.458987 0.854578 144.032 39.6307 0 146.526 36.6621 -2.39671
0.270035 0.464691 0.843293 147.471 37.81 0 146.718 36.4827 -2.39421
0.274143 0.471761 0.838026 147.471 37.81 0 146.881 36.3359 -2.41269
0.273138 0.470034 0.839323 147.471 37.81 0 147.033 36.2294 -2.44937
0.500971 0.862117 -0.0760386 147.471 37.81 0 147.056 36.1261 0.126939
0.498422 0.857722 -0.126048 147.471 37.81 0 147.122 35.9783 0.223477
0.49663 0.854647 -0.151454 147.471 37.81 0 147.234 35.8461 0.278453
0.496557 0.854524 -0.152385 147.471 37.81 0 147.358 35.7172 0.287708
0.4979 0.856842 -0.133857 147.471 37.81 0 147.509 35.6311 0.251893
0.499633 0.85983 -0.105157 147.471 37.81 0 147.646 35.6044 0.192368
0.501878 0.863706 -0.0461703 147.471 37.81 0 147.814 35.6148 0.0797503
0.502295 0.864428 0.0215311 147.471 37.81 0 147.982 35.6419 -0.0348466
0.500095 0.860639 0.095944 147.471 37.81 0 148.156 35.6527 -0.146602
0.49538 0.852532 0.166696 147.471 37.81 0 148.34 35.6368 -0.243863
0.488462 0.840637 0.233955 147.471 37.81 0 148.509 35.5874 -0.336976
0.479218 0.824745 0.300243 147.471 37.81 0 148.689 35.5217 -0.430106
0.468454 0.806227 0.361315 147.471 37.81 0 148.874 35.4509 -0.517258
0.455051 0.783168 0.423764 147.471 37.81 0 149.046 35.3963 -0.60617
0.436651 0.751506 0.494545 147.471 37.81 0 149.244 35.3362 -0.710218
0.415058 0.714353 0.563406 147.471 37.81 0 149.451 35.2707 -0.818952
0.392605 0.675721 0.623909 147.471 37.81 0 149.656 35.2055 -0.921348
0.366405 0.630645 0.68413 147.471 37.81 0 149.892 35.1297 -1.03295
0.337899 0.581602 0.739975 147.471 37.81 0 150.138 35.0542 -1.14703
0.327571 0.515445 0.791842 150.819 35.8642 0 150.403 34.9678 -1.27055
0.29636 0.466339 0.833486 150.819 35.8642 0 150.664 34.8762 -1.38381
0.262963 0.41379 0.871566 150.819 35.8642 0 150.956 34.7681 -1.51398
0.235691 0.370885 0.898273 150.819 35.8642 0 151.233 34.6545 -1.63328
0.208405 0.327959 0.921418 150.819 35.8642 0 151.541 34.5246 -1.76276
0.188666 0.296911 0.936082 150.819 35.8642 0 151.853 34.3734 -1.87271
0.174925 0.275291 0.945313 150.819 35.8642 0 152.158 34.2118 -1.96082
0.167072 0.262945 0.950235 150.819 35.8642 0 152.479 34.0173 -2.04015
0.16428 0.258551 0.951926 150.819 35.8642 0 152.785 33.8114 -2.10726
0.16566 0.260729 0.951093 150.819 35.8642 0 153.077 33.6 -2.15577
0.171888 0.270534 0.947241 150.819 35.8642 0 153.378 33.3614 -2.18697
0.190841 0.275351 0.942211 154.073 33.7967 0 153.681 33.1117 -2.21078
0.196674 0.283772 0.938506 154.073 33.7967 0 153.969 32.8731 -2.22379
0.204484 0.295049 0.933345 154.073 33.7967 0 154.272 32.6187 -2.22195
0.21419 0.309066 0.926607 154.073 33.7967 0 154.563 32.3639 -2.21375
0.223559 0.322593 0.919758 154.073 33.7967 0 154.853 32.1088 -2.20901
0.2339 0.337514 0.911798 154.073 33.7967 0 155.13 31.8589 -2.19888
0.245896 0.354829 0.902015 154.073 33.7967 0 155.419 31.5861 -2.19327
0.257974 0.372268 0.891552 154.073 33.7967 0 155.699 31.3186 -2.18561
0.27137 0.391601 0.879208 154.073 33.7967 0 155.99 31.0281 -2.18308
0.284039 0.409882 0.866786 154.073 33.7967 0 156.277 30.7366 -2.18872
0.311067 0.412422 0.856239 157.226 31.6113 0 156.549 30.4548 -2.20573
0.319399 0.423475 0.847734 157.226 31.6113 0 156.835 30.1555 -2.2334
0.324838 0.430689 0.842014 157.226 31.6113 0 157.127 29.8613 -2.27339
0.329142 0.436401 0.837389 157.226 31.6113 0 157.389 29.5941 -2.31678
0.332237 0.440508 0.834009 157.226 31.6113 0 157.676 29.3106 -2.36634
0.334423 0.443412 0.831593 157.226 31.6113 0 157.934 29.0541 -2.41843
0.334924 0.444079 0.831035 157.226 31.6113 0 158.207 28.7922 -2.4796
0.333911 0.442742 0.832156 157.226 31.6113 0 158.483 28.5357 -2.54889
0.332901 0.441406 0.833269 157.226 31.6113 0 158.738 28.3021 -2.60992
0.330496 0.438222 0.835903 157.226 31.6113 0 158.999 28.0682 -2.68149
0.344173 0.419931 0.839764 160.274 29.3119 0 159.254 27.8457 -2.75384
0.339483 0.414211 0.8445 160.274 29.3119 0 159.485 27.6521 -2.81362
0.333526 0.406946 0.850385 160.274 29.3119 0 159.717 27.4641 -2.88037
0.328279 0.400547 0.85545 160.274 29.3119 0 159.94 27.2884 -2.93486
0.324604 0.39607 0.85893 160.274 29.3119 0 160.137 27.1294 -2.9777
0.320192 0.39069 0.86304 160.274 29.3119 0 160.336 26.9769 -3.01877
0.315977 0.385548 0.866898 160.274 29.3119 0 160.521 26.8354 -3.05882
0.633568 0.0494349 0.772106 163.214 26.9028 0 160.685 26.7055 -3.08126
0.603498 0.0818735 0.79315 163.214 26.9028 0 160.857 26.5831 -3.09741
0.562986 0.12434 0.81706 163.214 26.9028 0 161.079 26.4313 -3.0986
0.525068 0.178495 0.832132 163.214 26.9028 0 161.278 26.2447 -3.06798
0.478199 0.238815 0.845159 163.214 26.9028 0 161.486 26.04 -3.0533
0.429093 0.296371 0.853254 163.214 26.9028 0 161.684 25.8464 -3.04147
0.380349 0.347479 0.857084 163.214 26.9028 0 161.871 25.6763 -3.02538
0.32542 0.400749 0.856447 163.214 26.9028 0 162.072 25.4964 -3.0057
0.271229 0.450968 0.850331 163.214 26.9028 0 162.263 25.3226 -2.97958
0.222484 0.493175 0.840999 163.214 26.9028 0 162.436 25.1784 -2.94058
0.172966 0.53049 0.829857 163.214 26.9028 0 162.611 25.054 -2.89218
0.134384 0.556836 0.81968 163.214 26.9028 0 162.748 24.974 -2.83924
0.105401 0.571212 0.814007 163.214 26.9028 0 162.851 24.9365 -2.80207
0.0807903 0.57869 0.811536 163.214 26.9028 0 162.938 24.9266 -2.77135
0.0591176 0.580139 0.812369 163.214 26.9028 0 163.014 24.9384 -2.75079
0.0411971 0.578637 0.814544 163.214 26.9028 0 163.075 24.96 -2.73486
0.028694 0.573267 0.818866 163.214 26.9028 0 163.119 25.0042 -2.71201
0.0204242 0.562619 0.826464 163.214 26.9028 0 163.147 25.063 -2.70256
0.014511 0.551815 0.833841 163.214 26.9028 0 163.167 25.1209 -2.69268
0.0128324 0.537778 0.842989 163.214 26.9028 0 163.173 25.1884 -2.68739
0.0152366 0.522671 0.852398 163.214 26.9028 0 163.166 25.2608 -2.67786
0.0189952 0.507183 0.861629 163.214 26.9028 0 163.155 25.3253 -2.67998
0.0242267 0.490896 0.870881 163.214 26.9028 0 163.139 25.3887 -2.68605
0.0269407 0.472984 0.880659 163.214 26.9028 0 163.131 25.4522 -2.70095
0.0319786 0.457323 0.888726 163.214 26.9028 0 163.116 25.5019 -2.72247
0.0368467 0.442286 0.896117 163.214 26.9028 0 163.101 25.5447 -2.75167
0.0427553 0.42935 0.902126 163.214 26.9028 0 163.082 25.5817 -2.77591
0.0510322 0.419035 0.906535 163.214 26.9028 0 163.057 25.6128 -2.7908
0.0576996 0.409811 0.910344 163.214 26.9028 0 163.036 25.6381 -2.80946
0.0659183 0.398674 0.914721 163.214 26.9028 0 163.01 25.6682 -2.83266
0.0711891 0.389636 0.918213 163.214 26.9028 0 162.993 25.6945 -2.84747
0.0761754 0.382263 0.920908 163.214 26.9028 0 162.977 25.715 -2.86166
0.0795778 0.376781 0.922878 163.214 26.9028 0 162.966 25.7305 -2.87133
0.0811343 0.374886 0.923514 163.214 26.9028 0 162.961 25.7354 -2.87586
0.0826971 0.37299 0.924143 163.214 26.9028 0 162.956 25.7403 -2.88038
0.0826971 0.37299 0.924143 163.214 26.9028 0 162.956 25.7403 -2.88038
0.0814098 0.373191 0.924176 163.214 26.9028 0 162.96 25.7412 -2.87649
0.0809201 0.377232 0.922577 163.214 26.9028 0 162.962 25.7305 -2.86697
0.0777865 0.381032 0.921284 163.214 26.9028 0 162.972 25.7208 -2.85793
0.0743742 0.386522 0.919277 163.214 26.9028 0 162.983 25.7052 -2.84825
0.0680537 0.394127 0.916533 163.214 26.9028 0 163.004 25.6858 -2.83018
0.0590309 0.411045 0.909702 163.214 26.9028 0 163.032 25.6391 -2.79684
0.0539374 0.419164 0.906307 163.214 26.9028 0 163.049 25.6196 -2.77442
0.0501629 0.427052 0.902834 163.214 26.9028 0 163.061 25.5992 -2.7559
0.048228 0.432183 0.900496 163.214 26.9028 0 163.067 25.5905 -2.73425
0.0467914 0.434037 0.899679 163.214 26.9028 0 163.073 25.5936 -2.71384
0.0483601 0.434522 0.899362 163.214 26.9028 0 163.069 25.6014 -2.69355
0.0499513 0.435012 0.899038 163.214 26.9028 0 163.065 25.6093 -2.67327
0.0513294 0.435559 0.898696 163.214 26.9028 0 163.061 25.6093 -2.6689
0.0512988 0.4372 0.8979 163.214 26.9028 0 163.062 25.6113 -2.65237
0.0515706 0.435507 0.898707 163.214 26.9028 0 163.062 25.6172 -2.65299
0.0532289 0.434359 0.899166 163.214 26.9028 0 163.057 25.623 -2.64924
0.0537759 0.43095 0.900772 163.214 26.9028 0 163.056 25.6348 -2.65049
0.0554497 0.428974 0.901613 163.214 26.9028 0 163.05 25.6396 -2.65501
0.0568532 0.429517 0.901267 163.214 26.9028 0 163.047 25.6396 -2.65063
0.0582488 0.429248 0.901306 163.214 26.9028 0 163.042 25.6386 -2.65453
0.0599169 0.427271 0.902136 163.214 26.9028 0 163.037 25.6434 -2.65905
0.0643742 0.42556 0.902638 163.214 26.9028 0 163.024 25.6473 -2.66309
0.0674146 0.423313 0.903472 163.214 26.9028 0 163.014 25.6511 -2.67151
0.0679419 0.419095 0.905397 163.214 26.9028 0 163.013 25.6618 -2.68103
0.0728889 0.413162 0.907736 163.214 26.9028 0 162.997 25.6763 -2.6946
0.0797228 0.403521 0.91149 163.214 26.9028 0 162.976 25.7016 -2.71334
0.0832696 0.397829 0.913673 163.214 26.9028 0 162.966 25.7172 -2.72303
0.0835523 0.396088 0.914403 163.214 26.9028 0 162.965 25.723 -2.72366
0.0870869 0.390382 0.916525 163.214 26.9028 0 162.954 25.7386 -2.73336
0.0887049 0.388402 0.917211 163.214 26.9028 0 162.949 25.7434 -2.73789
0.0887049 0.388402 0.917211 163.214 26.9028 0 162.949 25.7434 -2.73789
0.0887049 0.388402 0.917211 163.214 26.9028 0 162.949 25.7434 -2.73789
0.0887049 0.388402 0.917211 163.214 26.9028 0 162.949 25.7434 -2.73789
0.0870869 0.390382 0.916525 163.214 26.9028 0 162.954 25.7386 -2.73336
0.0853848 0.391648 0.916145 163.214 26.9028 0 162.959 25.7327 -2.73708
0.083764 0.393625 0.915447 163.214 26.9028 0 162.964 25.7279 -2.73255
0.0801699 0.398585 0.913621 163.214 26.9028 0 162.974 25.7113 -2.73112
0.0769136 0.402528 0.912171 163.214 26.9028 0 162.984 25.7016 -2.72206
0.0750481 0.406976 0.910351 163.214 26.9028 0 162.99 25.6919 -2.70865
0.0714843 0.41265 0.90808 163.214 26.9028 0 163.001 25.6763 -2.69897
0.0681929 0.416598 0.906529 163.214 26.9028 0 163.011 25.6666 -2.68992
0.0610108 0.427107 0.902141 163.214 26.9028 0 163.033 25.6345 -2.67885
0.0576937 0.43023 0.900874 163.214 26.9028 0 163.042 25.6238 -2.67807
0.0585324 0.434147 0.898939 163.214 26.9028 0 163.04 25.6121 -2.67246
0.0566028 0.437787 0.897295 163.214 26.9028 0 163.045 25.6014 -2.66732
% Time used: 13.921 seconds.
