%Epsilons: 1) 1, 2) 5.5, 3) 10
%Fx Fy Fz Xd Yd Zd Xr Yr Zr
%
-0.712381 0.41573 0.565404 190.208 -1.1951 0 190.232 -1.20908 -0.0190137
-0.800539 0.374332 0.467988 190.208 -1.1951 0 190.254 -1.21683 -0.0271619
-0.836936 0.333359 0.434061 190.208 -1.1951 0 190.301 -1.23231 -0.0484555
-0.854088 0.342819 0.391163 190.208 -1.1951 0 190.361 -1.25672 -0.0703099
-0.86749 0.378937 0.322286 190.208 -1.1951 0 190.445 -1.29898 -0.0883496
-0.855177 0.389255 0.342276 190.208 -1.1951 0 190.559 -1.35524 -0.140813
-0.841054 0.402732 0.361158 190.208 -1.1951 0 190.673 -1.4178 -0.199714
-0.833506 0.400625 0.380483 190.208 -1.1951 0 190.78 -1.47025 -0.261314
-0.82454 0.402153 0.398003 190.208 -1.1951 0 190.882 -1.52394 -0.325447
-0.8138 0.400483 0.421122 190.208 -1.1951 0 190.977 -1.57379 -0.398206
-0.806568 0.403664 0.43186 190.208 -1.1951 0 191.056 -1.61981 -0.454374
-0.804428 0.408475 0.431328 190.208 -1.1951 0 191.125 -1.66075 -0.491708
-0.799761 0.419335 0.429582 190.208 -1.1951 0 191.161 -1.69521 -0.512336
-0.79097 0.430856 0.43443 190.208 -1.1951 0 191.168 -1.71806 -0.527305
-0.785466 0.437696 0.437567 190.208 -1.1951 0 191.16 -1.72562 -0.530363
-0.782005 0.441714 0.439724 190.208 -1.1951 0 191.142 -1.72296 -0.525486
-0.782006 0.445151 0.436242 190.208 -1.1951 0 191.128 -1.71909 -0.513502
-0.781423 0.4444 0.438049 190.208 -1.1951 0 191.113 -1.71011 -0.507648
-0.783375 0.44438 0.434568 190.208 -1.1951 0 191.106 -1.70501 -0.498651
-0.784758 0.450127 0.426075 190.208 -1.1951 0 191.105 -1.71011 -0.487489
-0.788368 0.449383 0.420155 190.208 -1.1951 0 191.109 -1.70888 -0.480369
-0.790049 0.459361 0.405968 190.208 -1.1951 0 191.109 -1.71909 -0.463083
-0.793479 0.465549 0.391989 190.208 -1.1951 0 191.116 -1.72807 -0.448755
-0.793527 0.476538 0.378453 190.208 -1.1951 0 191.121 -1.74337 -0.435423
-0.794889 0.490123 0.357673 190.208 -1.1951 0 191.136 -1.76767 -0.417841
-0.796339 0.500583 0.339501 190.208 -1.1951 0 191.149 -1.78686 -0.40134
-0.796132 0.518448 0.312068 190.208 -1.1951 0 191.183 -1.83039 -0.382398
-0.797229 0.520627 0.305572 190.208 -1.1951 0 191.194 -1.83939 -0.378152
-0.798262 0.522743 0.299195 190.208 -1.1951 0 191.205 -1.84838 -0.373911
-0.800491 0.523428 0.291953 190.208 -1.1951 0 191.226 -1.86126 -0.371568
-0.802926 0.520754 0.290043 190.208 -1.1951 0 191.247 -1.86903 -0.37536
-0.806627 0.513967 0.291874 190.208 -1.1951 0 191.261 -1.86657 -0.381319
-0.810056 0.491506 0.319736 190.208 -1.1951 0 191.262 -1.83466 -0.416048
-0.810829 0.478703 0.33675 190.208 -1.1951 0 191.256 -1.81421 -0.435526
-0.812973 0.465544 0.349776 190.208 -1.1951 0 191.244 -1.78867 -0.445966
-0.817644 0.436952 0.374874 190.208 -1.1951 0 191.23 -1.74148 -0.468757
-0.820463 0.394151 0.414108 190.208 -1.1951 0 191.196 -1.67007 -0.499017
-0.823983 0.342643 0.451273 190.208 -1.1951 0 191.163 -1.59241 -0.523279
-0.821728 0.265859 0.504066 190.208 -1.1951 0 191.117 -1.48943 -0.558057
-0.796849 0.20623 0.567892 190.208 -1.1951 0 191.057 -1.37264 -0.598239
-0.752128 0.194654 0.629614 190.208 -1.1951 0 191 -1.24348 -0.631549
-0.683752 0.176955 0.707934 190.208 -1.1951 0 190.925 -1.09562 -0.671482
-0.597908 0.154735 0.786488 190.208 -1.1951 0 190.848 -0.93683 -0.706733
-0.487255 0.126091 0.864108 190.208 -1.1951 0 190.766 -0.779697 -0.749271
-0.347706 0.0899733 0.933277 190.208 -1.1951 0 190.677 -0.60172 -0.794466
-0.189445 0.0490075 0.980668 190.208 -1.1951 0 190.586 -0.401845 -0.840351
-0.00929791 0.00237881 0.999954 190.208 -1.1951 0 190.478 -0.182764 -0.881229
0.151875 -0.0393351 0.987617 190.208 -1.1951 0 190.377 0.0429368 -0.919618
0.299535 -0.0775545 0.950928 190.208 -1.1951 0 190.272 0.301115 -0.959343
0.418676 -0.108393 0.901644 190.208 -1.1951 0 190.172 0.565634 -0.991834
0.521847 -0.135095 0.842273 190.208 -1.1951 0 190.063 0.855965 -1.02196
0.601135 -0.155616 0.78385 190.208 -1.1951 0 189.956 1.15721 -1.05124
0.654158 -0.169342 0.737158 190.208 -1.1951 0 189.87 1.44518 -1.07849
0.722938 -0.187143 0.665085 190.208 -1.1951 0 189.708 2.00917 -1.14538
0.739309 -0.191379 0.645597 190.208 -1.1951 0 189.659 2.18096 -1.16427
0.760624 -0.196897 0.618613 190.208 -1.1951 0 189.594 2.43274 -1.18326
0.77187 -0.199808 0.603567 190.208 -1.1951 0 189.559 2.60755 -1.19666
0.783882 -0.202917 0.586816 190.208 -1.1951 0 189.514 2.84048 -1.21913
0.794672 -0.205711 0.571122 190.208 -1.1951 0 189.464 3.09882 -1.24931
0.809493 -0.209547 0.548463 190.208 -1.1951 0 189.413 3.55573 -1.2853
0.81296 -0.210445 0.542963 190.208 -1.1951 0 189.41 3.69874 -1.29187
0.815636 -0.21114 0.538663 190.208 -1.1951 0 189.421 3.83994 -1.29323
0.819529 -0.212147 0.532321 190.208 -1.1951 0 189.434 3.99319 -1.28851
0.821078 -0.21255 0.529768 190.208 -1.1951 0 189.473 4.17514 -1.28483
0.828133 -0.174224 0.532768 191.512 3.84347 0 189.54 4.35873 -1.28167
0.82249 -0.173038 0.54182 191.512 3.84347 0 189.622 4.53512 -1.28385
0.81331 -0.171109 0.556101 191.512 3.84347 0 189.718 4.69836 -1.29208
0.800774 -0.168473 0.574785 191.512 3.84347 0 189.841 4.86403 -1.29621
0.781431 -0.164406 0.601944 191.512 3.84347 0 189.986 5.02474 -1.30884
0.757664 -0.159409 0.632878 191.512 3.84347 0 190.148 5.18074 -1.31541
0.724764 -0.152489 0.671911 191.512 3.84347 0 190.318 5.32716 -1.33673
0.680987 -0.143283 0.718141 191.512 3.84347 0 190.51 5.49223 -1.36168
0.633576 -0.133311 0.762109 191.512 3.84347 0 190.689 5.65509 -1.38648
0.575554 -0.121108 0.808747 191.512 3.84347 0 190.885 5.83081 -1.40581
0.513894 -0.10814 0.85101 191.512 3.84347 0 191.069 6.01054 -1.42432
0.454315 -0.095609 0.885696 191.512 3.84347 0 191.235 6.19227 -1.43876
0.397558 -0.0836738 0.913754 191.512 3.84347 0 191.392 6.39659 -1.44538
0.35165 -0.0740194 0.9332 191.512 3.84347 0 191.531 6.62157 -1.43585
0.32104 -0.0675839 0.944651 191.512 3.84347 0 191.637 6.83774 -1.42099
0.303097 -0.0638156 0.95082 191.512 3.84347 0 191.728 7.08044 -1.39427
0.292228 -0.0615325 0.954367 191.512 3.84347 0 191.809 7.33249 -1.36561
0.291716 -0.0614318 0.95453 191.512 3.84347 0 191.872 7.58529 -1.33739
0.299498 -0.063074 0.95201 191.512 3.84347 0 191.93 7.86197 -1.2993
0.311481 -0.0656016 0.947985 191.512 3.84347 0 191.983 8.14333 -1.26312
0.324534 -0.0683539 0.943401 191.512 3.84347 0 192.03 8.40585 -1.22885
0.342104 -0.0720565 0.936895 191.512 3.84347 0 192.078 8.68794 -1.18858
0.361727 -0.0761931 0.929165 191.512 3.84347 0 192.121 8.97455 -1.15543
0.373384 -0.0608424 0.92568 192.585 8.94542 0 192.165 9.2486 -1.13404
0.387002 -0.0630663 0.919919 192.585 8.94542 0 192.203 9.53988 -1.10865
0.393677 -0.0641588 0.917007 192.585 8.94542 0 192.251 9.82965 -1.08576
0.392854 -0.0640295 0.917369 192.585 8.94542 0 192.305 10.1052 -1.06613
0.396233 -0.0645865 0.915875 192.585 8.94542 0 192.356 10.3981 -1.0478
0.398022 -0.0648855 0.915078 192.585 8.94542 0 192.411 10.6938 -1.02829
0.407074 -0.0663676 0.910981 192.585 8.94542 0 192.455 10.9979 -1.0124
0.407854 -0.0664999 0.910622 192.585 8.94542 0 192.506 11.2815 -1.00005
0.413544 -0.0674345 0.907983 192.585 8.94542 0 192.553 11.5888 -0.988891
0.413833 -0.0674882 0.907848 192.585 8.94542 0 192.606 11.8757 -0.976001
0.413392 -0.067423 0.908054 192.585 8.94542 0 192.664 12.1852 -0.96111
0.413755 -0.06749 0.907883 192.585 8.94542 0 192.717 12.4925 -0.95396
0.414285 -0.0675827 0.907635 192.585 8.94542 0 192.766 12.7807 -0.948266
0.414336 -0.0675982 0.90761 192.585 8.94542 0 192.82 13.0917 -0.940738
0.416922 -0.0680261 0.906393 192.585 8.94542 0 192.867 13.3704 -0.929767
0.418731 -0.0683284 0.905536 192.585 8.94542 0 192.919 13.6655 -0.91722
0.421433 -0.068779 0.904248 192.585 8.94542 0 192.971 13.9508 -0.898681
0.417287 -0.0485123 0.907479 193.425 14.0995 0 193.026 14.2133 -0.884969
0.403502 -0.0469168 0.913775 193.425 14.0995 0 193.08 14.4895 -0.871448
0.390567 -0.0454195 0.919453 193.425 14.0995 0 193.136 14.7691 -0.851482
0.373321 -0.0434217 0.926685 193.425 14.0995 0 193.194 15.0326 -0.830783
0.349411 -0.0406505 0.936087 193.425 14.0995 0 193.261 15.3159 -0.806911
0.324905 -0.0378115 0.944991 193.425 14.0995 0 193.326 15.5999 -0.783626
0.299598 -0.0348773 0.953428 193.425 14.0995 0 193.393 15.8878 -0.753925
0.271411 -0.031611 0.961944 193.425 14.0995 0 193.457 16.1567 -0.725061
0.229089 -0.0267046 0.973039 193.425 14.0995 0 193.531 16.4459 -0.698528
0.188145 -0.0219575 0.981896 193.425 14.0995 0 193.598 16.7195 -0.674411
0.135264 -0.0158223 0.990683 193.425 14.0995 0 193.674 17.0137 -0.647405
0.0680779 -0.00802546 0.997648 193.425 14.0995 0 193.754 17.3054 -0.624767
0.000525457 -0.000184535 1 193.425 14.0995 0 193.83 17.5882 -0.609821
-0.0792865 0.00907929 0.996811 193.425 14.0995 0 193.913 17.8919 -0.592202
-0.166155 0.0191599 0.985914 193.425 14.0995 0 193.999 18.2001 -0.573669
-0.0469414 0.818247 0.572947 194.029 19.2943 0 194.074 18.4958 -0.559101
-0.175338 0.650123 0.739322 194.029 19.2943 0 194.158 18.8129 -0.547464
-0.492949 0.0345627 0.869371 194.029 19.2943 0 194.315 19.3865 -0.49171
-0.539252 0.0378042 0.841295 194.029 19.2943 0 194.358 19.5568 -0.482656
-0.582908 0.0408604 0.811511 194.029 19.2943 0 194.406 19.7513 -0.477945
-0.70703 0.049544 0.705446 194.029 19.2943 0 194.546 20.2662 -0.446401
-0.743083 0.0520693 0.66717 194.029 19.2943 0 194.595 20.4319 -0.435138
-0.779818 0.0546414 0.623617 194.029 19.2943 0 194.646 20.6153 -0.417322
-0.818676 0.057361 0.571384 194.029 19.2943 0 194.719 20.8515 -0.403644
-0.851427 0.0596509 0.52107 194.029 19.2943 0 194.795 21.1059 -0.389175
-0.882153 0.0618007 0.46689 194.029 19.2943 0 194.865 21.3612 -0.364231
-0.908187 0.0636234 0.413701 194.029 19.2943 0 194.929 21.593 -0.33527
-0.929447 0.0651102 0.363166 194.029 19.2943 0 194.984 21.7905 -0.303478
-0.946573 0.0663065 0.3156 194.029 19.2943 0 195.028 21.9741 -0.269275
-0.961708 0.067366 0.265667 194.029 19.2943 0 195.067 22.1337 -0.230667
-0.974346 0.0682502 0.214456 194.029 19.2943 0 195.097 22.2516 -0.18868
-0.982521 0.0688222 0.172964 194.029 19.2943 0 195.112 22.3405 -0.152368
-0.988689 0.0692511 0.133039 194.029 19.2943 0 195.11 22.3864 -0.115749
-0.990888 0.0694041 0.115426 194.029 19.2943 0 195.103 22.3933 -0.0993916
-0.993588 0.069595 0.0891054 194.029 19.2943 0 195.112 22.3774 -0.0774304
-0.995841 0.0697566 0.058612 194.029 19.2943 0 195.131 22.3556 -0.0520035
-0.996818 0.0698277 0.0384554 194.029 19.2943 0 195.145 22.3122 -0.0347172
-0.997091 0.0698477 0.0304985 194.029 19.2943 0 195.146 22.212 -0.0277974
-0.997215 0.0698627 0.0261214 194.029 19.2943 0 195.14 22.0452 -0.0239369
-0.996915 0.0698453 0.0358054 194.029 19.2943 0 195.116 21.8251 -0.03252
-0.996135 0.0697977 0.053316 194.029 19.2943 0 195.075 21.5175 -0.047405
-0.997523 0.0698842 0.00793844 194.029 19.2943 0 194.992 21.6697 -0.00631142
-0.997551 0.0698699 0.0030558 194.029 19.2943 0 194.897 21.8497 -0.00209999
-0.997557 0.0698535 -0.000282834 194.029 19.2943 0 194.822 22.0249 0.000169754
-0.99748 0.0698296 -0.0125287 194.029 19.2943 0 194.764 22.1818 0.00666428
-0.997462 0.0698005 -0.0140274 194.029 19.2943 0 194.708 22.3385 0.00651741
-0.99752 0.0697822 -0.00914213 194.029 19.2943 0 194.669 22.4826 0.00379944
-0.996938 0.069711 0.0354175 194.029 19.2943 0 194.629 22.6377 -0.0129223
-0.99441 0.0694998 0.0794879 194.029 19.2943 0 194.602 22.7858 -0.0261688
-0.990774 0.0692194 0.116514 194.029 19.2943 0 194.59 22.9271 -0.0359421
-0.986831 0.0689226 0.146339 194.029 19.2943 0 194.587 23.0594 -0.0435104
-0.986205 0.0688598 0.150523 194.029 19.2943 0 194.588 23.1938 -0.0434113
-0.986372 0.0688602 0.149429 194.029 19.2943 0 194.592 23.317 -0.0424042
-0.982191 0.068563 0.174929 194.029 19.2943 0 194.611 23.4579 -0.0514469
-0.252555 0.964968 0.0710879 194.395 24.5184 0 194.632 23.6122 -0.066761
-0.331131 0.937246 0.109187 194.395 24.5184 0 194.66 23.7686 -0.0873508
-0.394354 0.904742 0.161018 194.395 24.5184 0 194.649 23.9357 -0.103697
-0.448173 0.854947 0.261163 194.395 24.5184 0 194.612 24.1046 -0.126387
-0.511382 0.774937 0.37143 194.395 24.5184 0 194.573 24.249 -0.129093
-0.642072 0.536271 0.547866 194.395 24.5184 0 194.546 24.3923 -0.128794
-0.711219 0.0173205 0.702757 194.395 24.5184 0 194.536 24.5477 -0.138138
-0.678321 0.0165051 0.73458 194.395 24.5184 0 194.554 24.7067 -0.167656
-0.642786 0.0156265 0.765886 194.395 24.5184 0 194.595 24.9231 -0.226135
-0.603289 0.0146535 0.797388 194.395 24.5184 0 194.636 25.1713 -0.297983
-0.567093 0.0137636 0.823539 194.395 24.5184 0 194.669 25.4489 -0.365202
-0.548129 0.0132946 0.836288 194.395 24.5184 0 194.708 25.7814 -0.430969
-0.535144 0.0129746 0.844661 194.395 24.5184 0 194.753 26.1292 -0.502396
-0.532257 0.0129006 0.846485 194.395 24.5184 0 194.807 26.4814 -0.578455
-0.525725 0.0127386 0.850559 194.395 24.5184 0 194.865 26.8675 -0.667336
-0.511965 0.0123988 0.858917 194.395 24.5184 0 194.907 27.2615 -0.746403
-0.49979 0.0120982 0.866062 194.395 24.5184 0 194.931 27.6448 -0.795616
-0.47092 0.0113883 0.882102 194.395 24.5184 0 194.932 28.0646 -0.84314
-0.437325 0.0105625 0.899242 194.395 24.5184 0 194.917 28.4993 -0.873779
-0.394929 0.00952065 0.918662 194.395 24.5184 0 194.89 28.9227 -0.900522
-0.335789 0.00806996 0.941903 194.395 24.5184 0 194.841 29.397 -0.918308
-0.264251 -0.00563214 0.964438 194.523 29.7601 0 194.777 29.8904 -0.939659
-0.199852 -0.00427017 0.979817 194.523 29.7601 0 194.703 30.3742 -0.949707
-0.119196 -0.00256352 0.992868 194.523 29.7601 0 194.614 30.9099 -0.963303
-0.0240623 -0.000548639 0.99971 194.523 29.7601 0 194.51 31.4456 -0.980091
0.0618053 0.00126931 0.998087 194.523 29.7601 0 194.415 31.9534 -0.988361
0.155809 0.00326153 0.987782 194.523 29.7601 0 194.308 32.4765 -0.992414
0.241872 0.00508638 0.970295 194.523 29.7601 0 194.204 32.987 -1.00278
0.313721 0.00660804 0.949492 194.523 29.7601 0 194.112 33.4654 -1.00361
0.385715 0.00813084 0.922582 194.523 29.7601 0 194.015 33.9821 -0.999001
0.445035 0.00938891 0.895464 194.523 29.7601 0 193.925 34.4693 -0.999428
0.500238 0.0335059 0.865239 194.411 35.008 0 193.828 34.9715 -1.00853
0.526809 0.0352763 0.849251 194.411 35.008 0 193.75 35.4456 -1.01295
0.54575 0.0365375 0.837151 194.411 35.008 0 193.682 35.8911 -1.02191
0.55917 0.0374296 0.828207 194.411 35.008 0 193.627 36.3039 -1.02809
0.568835 0.0380711 0.82157 194.411 35.008 0 193.578 36.7212 -1.03271
0.580327 0.0388351 0.813457 194.411 35.008 0 193.532 37.1081 -1.02997
0.588923 0.039402 0.807228 194.411 35.008 0 193.491 37.5122 -1.02613
0.59515 0.039814 0.802628 194.411 35.008 0 193.456 37.9136 -1.02103
0.605877 0.0405244 0.794525 194.411 35.008 0 193.417 38.2944 -1.01006
0.615451 0.0411581 0.787099 194.411 35.008 0 193.379 38.697 -0.998924
0.631127 0.0422014 0.774531 194.411 35.008 0 193.339 39.0942 -0.975056
0.643456 0.0430201 0.764273 194.411 35.008 0 193.301 39.4861 -0.957319
0.661098 0.0441948 0.748997 194.411 35.008 0 193.259 39.8424 -0.934065
0.677437 0.0764878 0.731593 194.06 40.2504 0 193.217 40.2012 -0.904001
0.690398 0.0779451 0.719218 194.06 40.2504 0 193.177 40.5473 -0.873854
0.695545 0.0785184 0.714179 194.06 40.2504 0 193.15 40.8528 -0.853727
0.696861 0.0786619 0.71288 194.06 40.2504 0 193.124 41.1729 -0.839903
0.690751 0.0779645 0.718877 194.06 40.2504 0 193.109 41.4572 -0.836817
0.674729 0.0761524 0.734127 194.06 40.2504 0 193.113 41.7467 -0.835997
0.656172 0.0740513 0.75097 194.06 40.2504 0 193.115 42.0211 -0.842148
0.629171 0.0709977 0.774017 194.06 40.2504 0 193.132 42.2634 -0.851387
0.604932 0.0682555 0.793346 194.06 40.2504 0 193.139 42.5066 -0.862968
0.57552 0.0649292 0.815206 194.06 40.2504 0 193.149 42.738 -0.880257
0.543319 0.0612871 0.837287 194.06 40.2504 0 193.166 42.9459 -0.896122
0.512299 0.0577803 0.856861 194.06 40.2504 0 193.178 43.158 -0.913162
0.470272 0.0530317 0.880927 194.06 40.2504 0 193.2 43.3544 -0.94113
-0.930157 -0.105043 0.351816 194.06 40.2504 0 196.923 44.0116 -1.22793
-0.928783 -0.104888 0.355473 194.06 40.2504 0 196.911 44.0003 -1.23753
-0.928783 -0.104888 0.355473 194.06 40.2504 0 196.911 44.0003 -1.23753
-0.927716 -0.104767 0.358283 194.06 40.2504 0 196.904 44.0008 -1.24607
-0.927657 -0.10476 0.358438 194.06 40.2504 0 196.903 43.9927 -1.24616
-0.927598 -0.104754 0.358594 194.06 40.2504 0 196.903 43.9847 -1.24626
-0.927538 -0.104747 0.358749 194.06 40.2504 0 196.902 43.9766 -1.24636
-0.926827 -0.104666 0.360607 194.06 40.2504 0 196.903 43.9605 -1.25327
-0.927629 -0.104758 0.35851 194.06 40.2504 0 196.906 43.9562 -1.2457
-0.92784 -0.10478 0.357959 194.06 40.2504 0 196.91 43.9519 -1.24485
-0.928317 -0.104835 0.356704 194.06 40.2504 0 196.918 43.9514 -1.24304
-0.928963 -0.104908 0.354997 194.06 40.2504 0 196.917 43.9595 -1.23621
-0.928963 -0.104908 0.354997 194.06 40.2504 0 196.917 43.9595 -1.23621
-0.929927 -0.105017 0.352431 194.06 40.2504 0 196.91 43.9638 -1.22361
-0.93019 -0.105047 0.351726 194.06 40.2504 0 196.915 43.9675 -1.22265
-0.930569 -0.105089 0.350711 194.06 40.2504 0 196.909 43.9718 -1.21678
-0.931326 -0.105175 0.348669 194.06 40.2504 0 196.898 43.9804 -1.20504
-0.931445 -0.105188 0.348347 194.06 40.2504 0 196.888 43.9809 -1.20013
-0.932147 -0.105267 0.346439 194.06 40.2504 0 196.877 43.9814 -1.18851
-0.932268 -0.105282 0.346109 194.06 40.2504 0 196.867 43.9819 -1.1836
-0.932649 -0.105324 0.345068 194.06 40.2504 0 196.862 43.9862 -1.17773
-0.932649 -0.105324 0.345068 194.06 40.2504 0 196.862 43.9862 -1.17773
-0.932391 -0.105296 0.345776 194.06 40.2504 0 196.857 43.9824 -1.1787
-0.931803 -0.10523 0.347375 194.06 40.2504 0 196.859 43.9824 -1.18542
-0.931277 -0.105169 0.348801 194.06 40.2504 0 196.85 43.9749 -1.18734
-0.931219 -0.105163 0.348958 194.06 40.2504 0 196.849 43.9668 -1.18744
-0.930091 -0.105036 0.351991 194.06 40.2504 0 196.842 43.9593 -1.19608
-0.930033 -0.105029 0.352148 194.06 40.2504 0 196.841 43.9512 -1.19618
-0.930359 -0.105066 0.351274 194.06 40.2504 0 196.835 43.9475 -1.19042
-0.930569 -0.10509 0.35071 194.06 40.2504 0 196.839 43.9432 -1.18956
-0.9303 -0.10506 0.351431 194.06 40.2504 0 196.835 43.9394 -1.19052
-0.930241 -0.105052 0.351591 194.06 40.2504 0 196.834 43.9314 -1.19062
-0.930241 -0.105052 0.351591 194.06 40.2504 0 196.834 43.9314 -1.19062
-0.929971 -0.105022 0.352312 194.06 40.2504 0 196.83 43.9276 -1.19158
-0.929759 -0.104998 0.352878 194.06 40.2504 0 196.826 43.9319 -1.19244
-0.929486 -0.104968 0.353605 194.06 40.2504 0 196.821 43.9281 -1.1934
-0.92906 -0.10492 0.354738 194.06 40.2504 0 196.813 43.9367 -1.19512
-0.928845 -0.104895 0.355309 194.06 40.2504 0 196.809 43.941 -1.19598
-0.928413 -0.104846 0.356449 194.06 40.2504 0 196.801 43.9495 -1.19771
-0.927979 -0.104798 0.357593 194.06 40.2504 0 196.793 43.9581 -1.19943
-0.927822 -0.10478 0.358005 194.06 40.2504 0 196.79 43.9704 -1.20019
-0.927383 -0.104731 0.359155 194.06 40.2504 0 196.782 43.979 -1.20191
-0.927776 -0.104775 0.358125 194.06 40.2504 0 196.776 43.9832 -1.19606
-0.927556 -0.10475 0.358703 194.06 40.2504 0 196.772 43.9875 -1.19692
-0.927335 -0.104725 0.359281 194.06 40.2504 0 196.768 43.9918 -1.19778
-0.927052 -0.104693 0.36002 194.06 40.2504 0 196.764 43.988 -1.19874
-0.927273 -0.104718 0.359443 194.06 40.2504 0 196.768 43.9838 -1.19788
-0.927273 -0.104718 0.359443 194.06 40.2504 0 196.768 43.9838 -1.19788
-0.927494 -0.104743 0.358865 194.06 40.2504 0 196.772 43.9795 -1.19702
-0.92721 -0.104711 0.359606 194.06 40.2504 0 196.767 43.9757 -1.19798
-0.928046 -0.104805 0.357418 194.06 40.2504 0 196.77 43.9714 -1.19041
-0.927764 -0.104773 0.358156 194.06 40.2504 0 196.765 43.9677 -1.19137
-0.928317 -0.104836 0.356703 194.06 40.2504 0 196.764 43.9596 -1.18476
-0.92865 -0.104874 0.355825 194.06 40.2504 0 196.758 43.9559 -1.17902
-0.929598 -0.10498 0.353309 194.06 40.2504 0 196.75 43.9521 -1.16656
-0.929434 -0.104962 0.353744 194.06 40.2504 0 196.736 43.9489 -1.16265
-0.929826 -0.105006 0.352701 194.06 40.2504 0 196.719 43.9376 -1.15213
-0.929879 -0.105013 0.352558 194.06 40.2504 0 196.709 43.9301 -1.14738
-0.930276 -0.105058 0.351496 194.06 40.2504 0 196.693 43.9188 -1.13687
-0.93164 -0.105211 0.347818 194.06 40.2504 0 196.669 43.9038 -1.11395
-0.93142 -0.105187 0.348416 194.06 40.2504 0 196.665 43.9081 -1.11482
-0.93142 -0.105187 0.348416 194.06 40.2504 0 196.665 43.9081 -1.11482
-0.931136 -0.105155 0.349181 194.06 40.2504 0 196.66 43.9044 -1.11579
-0.931136 -0.105155 0.349181 194.06 40.2504 0 196.66 43.9044 -1.11579
-0.930851 -0.105123 0.34995 194.06 40.2504 0 196.656 43.9006 -1.11676
-0.930566 -0.105091 0.350718 194.06 40.2504 0 196.651 43.8969 -1.11773
-0.931195 -0.105162 0.349024 194.06 40.2504 0 196.65 43.8969 -1.11104
-0.931602 -0.105207 0.347921 194.06 40.2504 0 196.645 43.9011 -1.10521
-0.932354 -0.105293 0.345876 194.06 40.2504 0 196.633 43.9016 -1.09367
-0.932761 -0.105339 0.344761 194.06 40.2504 0 196.628 43.9059 -1.08784
-0.932887 -0.105353 0.344417 194.06 40.2504 0 196.618 43.9064 -1.08301
-0.933235 -0.105392 0.343462 194.06 40.2504 0 196.612 43.9027 -1.07729
-0.934121 -0.105492 0.341012 194.06 40.2504 0 196.59 43.9038 -1.06092
-0.934381 -0.105522 0.34029 194.06 40.2504 0 196.57 43.9048 -1.05125
-0.935499 -0.105648 0.337164 194.06 40.2504 0 196.553 43.9016 -1.03404
-0.936623 -0.105775 0.333991 194.06 40.2504 0 196.536 43.8984 -1.01682
-0.937115 -0.105832 0.332589 194.06 40.2504 0 196.52 43.8952 -1.00631
-0.937611 -0.105888 0.331169 194.06 40.2504 0 196.504 43.8919 -0.995802
-0.937471 -0.105871 0.331571 194.06 40.2504 0 196.489 43.8887 -0.991982
-0.937971 -0.105928 0.330136 194.06 40.2504 0 196.473 43.8855 -0.981491
-0.938496 -0.105988 0.32862 194.06 40.2504 0 196.447 43.8669 -0.966413
-0.938862 -0.106029 0.327562 194.06 40.2504 0 196.441 43.8631 -0.960728
-0.938661 -0.106007 0.328144 194.06 40.2504 0 196.426 43.8519 -0.957035
-0.938744 -0.106016 0.327903 194.06 40.2504 0 196.415 43.8445 -0.952345
-0.938251 -0.10596 0.32933 194.06 40.2504 0 196.396 43.8296 -0.949656
-0.937605 -0.105888 0.331186 194.06 40.2504 0 196.386 43.8141 -0.951746
-0.937556 -0.105882 0.331326 194.06 40.2504 0 196.375 43.7907 -0.947281
-0.93713 -0.105833 0.332545 194.06 40.2504 0 196.369 43.771 -0.948494
-0.936097 -0.105717 0.335479 194.06 40.2504 0 196.355 43.7439 -0.951698
-0.935111 -0.105606 0.338252 194.06 40.2504 0 196.33 43.7093 -0.950241
-0.933642 -0.10544 0.342336 194.06 40.2504 0 196.31 43.6705 -0.954563
-0.930879 -0.105127 0.349875 194.06 40.2504 0 196.273 43.6249 -0.962772
-0.928987 -0.104915 0.354931 194.06 40.2504 0 196.238 43.5751 -0.963459
-0.927722 -0.104771 0.358266 194.06 40.2504 0 196.191 43.51 -0.953012
-0.927852 -0.104786 0.357926 194.06 40.2504 0 196.14 43.4371 -0.929466
-0.927177 -0.104709 0.359692 194.06 40.2504 0 196.091 43.3643 -0.912621
-0.926634 -0.104648 0.361106 194.06 40.2504 0 196.042 43.3075 -0.895613
-0.927385 -0.104733 0.359148 194.06 40.2504 0 195.997 43.2623 -0.870895
-0.927813 -0.104781 0.358028 194.06 40.2504 0 195.959 43.2288 -0.851709
-0.927804 -0.104781 0.358051 194.06 40.2504 0 195.926 43.199 -0.838148
-0.92821 -0.104826 0.356984 194.06 40.2504 0 195.898 43.1729 -0.823582
-0.928168 -0.104822 0.357094 194.06 40.2504 0 195.877 43.1504 -0.814621
-0.927668 -0.104767 0.358407 194.06 40.2504 0 195.861 43.1316 -0.811232
-0.925922 -0.104569 0.362952 194.06 40.2504 0 195.843 43.1171 -0.815351
-0.924923 -0.104456 0.365523 194.06 40.2504 0 195.833 43.1019 -0.817545
-0.923209 -0.104263 0.369883 194.06 40.2504 0 195.815 43.0953 -0.821533
-0.92061 -0.10397 0.376389 194.06 40.2504 0 195.789 43.0894 -0.827457
-0.918523 -0.103734 0.381517 194.06 40.2504 0 195.768 43.095 -0.832222
-0.917087 -0.103573 0.384999 194.06 40.2504 0 195.742 43.1128 -0.831171
-0.915854 -0.103434 0.387961 194.06 40.2504 0 195.717 43.1464 -0.829863
-0.915358 -0.103378 0.389143 194.06 40.2504 0 195.698 43.1994 -0.827284
-0.914162 -0.103246 0.391979 194.06 40.2504 0 195.671 43.2688 -0.826401
-0.914131 -0.103243 0.392052 194.06 40.2504 0 195.654 43.3533 -0.823362
-0.914209 -0.103253 0.391869 194.06 40.2504 0 195.637 43.4456 -0.820234
-0.914096 -0.103241 0.392134 194.06 40.2504 0 195.617 43.5579 -0.817825
-0.915224 -0.10337 0.389462 194.06 40.2504 0 195.596 43.6858 -0.808668
-0.915781 -0.103433 0.388133 194.06 40.2504 0 195.571 43.81 -0.800632
-0.917532 -0.103633 0.383922 194.06 40.2504 0 195.534 43.9425 -0.781387
-0.918733 -0.103771 0.381 194.06 40.2504 0 195.492 44.0712 -0.76329
-0.921292 -0.104062 0.37469 194.06 40.2504 0 195.463 44.195 -0.742395
-0.923627 -0.104328 0.368822 194.06 40.2504 0 195.43 44.3386 -0.72234
-0.928592 -0.104891 0.355971 194.06 40.2504 0 195.399 44.4936 -0.688185
-0.934457 -0.105555 0.340071 194.06 40.2504 0 195.365 44.6484 -0.647623
-0.940509 -0.106241 0.322732 194.06 40.2504 0 195.322 44.8192 -0.602522
-0.945035 -0.106756 0.30905 194.06 40.2504 0 195.275 44.9861 -0.565184
-0.949064 -0.107213 0.29628 194.06 40.2504 0 195.237 45.1288 -0.532761
-0.952761 -0.107633 0.284009 194.06 40.2504 0 195.195 45.2833 -0.501377
-0.955346 -0.107929 0.275075 194.06 40.2504 0 195.139 45.4341 -0.473228
-0.956323 -0.108042 0.271614 194.06 40.2504 0 195.09 45.5727 -0.45734
-0.958862 -0.108332 0.262389 194.06 40.2504 0 195.033 45.7152 -0.429581
-0.953809 -0.15193 0.259162 193.47 45.4756 0 194.978 45.8418 -0.41507
-0.955323 -0.152172 0.25338 193.47 45.4756 0 194.917 45.9799 -0.395164
-0.955513 -0.152206 0.252641 193.47 45.4756 0 194.853 46.114 -0.382944
-0.956246 -0.152323 0.249784 193.47 45.4756 0 194.797 46.2321 -0.368866
-0.957412 -0.152511 0.245157 193.47 45.4756 0 194.746 46.3615 -0.353836
-0.95889 -0.15275 0.239161 193.47 45.4756 0 194.698 46.4867 -0.337898
-0.961324 -0.153139 0.228922 193.47 45.4756 0 194.663 46.6077 -0.318962
-0.963514 -0.153492 0.219276 193.47 45.4756 0 194.638 46.7517 -0.30442
-0.965945 -0.153878 0.20802 193.47 45.4756 0 194.617 46.9073 -0.288925
-0.968734 -0.154326 0.194261 193.47 45.4756 0 194.605 47.0627 -0.271442
-0.97078 -0.154654 0.183487 193.47 45.4756 0 194.598 47.2297 -0.259474
-0.972366 -0.15491 0.174666 193.47 45.4756 0 194.601 47.4045 -0.251968
-0.973954 -0.155164 0.165339 193.47 45.4756 0 194.607 47.5677 -0.243534
-0.976353 -0.155548 0.150134 193.47 45.4756 0 194.621 47.7387 -0.226673
-0.977722 -0.155767 0.1407 193.47 45.4756 0 194.631 47.9137 -0.217442
-0.978909 -0.155959 0.131962 193.47 45.4756 0 194.64 48.0732 -0.208292
-0.980546 -0.15622 0.118845 193.47 45.4756 0 194.633 48.2365 -0.189512
-0.982088 -0.156469 0.104977 193.47 45.4756 0 194.611 48.4034 -0.167587
-0.984025 -0.156781 0.0843458 193.47 45.4756 0 194.581 48.5506 -0.133854
-0.985441 -0.157009 0.065229 193.47 45.4756 0 194.542 48.7053 -0.102432
-0.986684 -0.15721 0.0417038 193.47 45.4756 0 194.501 48.8599 -0.0647259
-0.987431 -0.15733 0.0150526 193.47 45.4756 0 194.449 49.0217 -0.022953
-0.987393 -0.157329 -0.0173702 193.47 45.4756 0 194.399 49.1874 0.026083
-0.986341 -0.157164 -0.0493 193.47 45.4756 0 194.339 49.368 0.0725937
-0.98422 -0.156832 -0.0819414 193.47 45.4756 0 194.275 49.5365 0.117874
-0.981343 -0.156375 -0.111864 193.47 45.4756 0 194.219 49.7205 0.15851
-0.977451 -0.15576 -0.142579 193.47 45.4756 0 194.167 49.9161 0.199862
-0.974166 -0.155242 -0.164015 193.47 45.4756 0 194.109 50.1033 0.22607
-0.970447 -0.154655 -0.185241 193.47 45.4756 0 194.041 50.305 0.24962
-0.968933 -0.154418 -0.193196 193.47 45.4756 0 193.987 50.4992 0.256096
-0.967217 -0.154149 -0.201814 193.47 45.4756 0 193.936 50.6818 0.263641
-0.965472 -0.153873 -0.210207 193.47 45.4756 0 193.884 50.8794 0.270737
-0.955996 -0.197246 -0.217178 192.642 50.6721 0 193.823 51.0762 0.275406
-0.95433 -0.196906 -0.224682 192.642 50.6721 0 193.766 51.2613 0.28117
-0.952667 -0.196568 -0.231922 192.642 50.6721 0 193.699 51.4532 0.284348
-0.952023 -0.196438 -0.234656 192.642 50.6721 0 193.638 51.6334 0.28232
-0.951203 -0.196272 -0.238096 192.642 50.6721 0 193.578 51.7981 0.280426
-0.949064 -0.195837 -0.24683 192.642 50.6721 0 193.515 51.97 0.284527
-0.946615 -0.195332 -0.256449 192.642 50.6721 0 193.448 52.1298 0.287579
-0.943711 -0.194736 -0.267371 192.642 50.6721 0 193.387 52.2705 0.292004
-0.942271 -0.194444 -0.272612 192.642 50.6721 0 193.326 52.4186 0.289822
-0.942198 -0.194432 -0.272872 192.642 50.6721 0 193.268 52.5512 0.281591
-0.940575 -0.1941 -0.278647 192.642 50.6721 0 193.211 52.6954 0.280376
-0.93884 -0.193747 -0.284677 192.642 50.6721 0 193.149 52.8426 0.277807
-0.938975 -0.193779 -0.28421 192.642 50.6721 0 193.097 52.9905 0.271095
-0.93922 -0.193839 -0.283358 192.642 50.6721 0 193.049 53.1424 0.265282
-0.941555 -0.194326 -0.275156 192.642 50.6721 0 193.015 53.2994 0.256384
-0.943776 -0.194785 -0.267107 192.642 50.6721 0 192.989 53.4497 0.24984
-0.947685 -0.195594 -0.252263 192.642 50.6721 0 192.969 53.6042 0.237972
-0.95294 -0.19668 -0.230701 192.642 50.6721 0 192.962 53.7716 0.222775
-0.954673 -0.19704 -0.223101 192.642 50.6721 0 192.952 53.9314 0.220186
-0.957544 -0.197633 -0.209882 192.642 50.6721 0 192.963 54.1054 0.216492
-0.959881 -0.198118 -0.198438 192.642 50.6721 0 192.984 54.2732 0.215145
-0.960897 -0.198325 -0.193245 192.642 50.6721 0 193.002 54.4487 0.219662
-0.961836 -0.198522 -0.188312 192.642 50.6721 0 193.011 54.6156 0.222046
-0.962817 -0.198722 -0.183009 192.642 50.6721 0 193.014 54.7933 0.222778
-0.963751 -0.198917 -0.177811 192.642 50.6721 0 193.002 54.9459 0.219692
-0.962984 -0.198761 -0.182085 192.642 50.6721 0 192.976 55.1047 0.226488
-0.962331 -0.19863 -0.185648 192.642 50.6721 0 192.934 55.2533 0.228951
-0.960568 -0.19827 -0.194933 192.642 50.6721 0 192.888 55.3821 0.237118
-0.957708 -0.197686 -0.209082 192.642 50.6721 0 192.831 55.5169 0.248882
-0.954533 -0.197036 -0.223704 192.642 50.6721 0 192.777 55.6559 0.26148
-0.953454 -0.196814 -0.228452 192.642 50.6721 0 192.732 55.7842 0.263062
-0.951069 -0.196326 -0.238587 192.642 50.6721 0 192.692 55.9213 0.272726
-0.951253 -0.196368 -0.23782 192.642 50.6721 0 192.668 56.0642 0.273067
-0.942891 -0.239705 -0.231294 191.578 55.8284 0 192.66 56.198 0.270962
-0.943277 -0.239804 -0.229613 191.578 55.8284 0 192.653 56.3439 0.275631
-0.943634 -0.239899 -0.228042 191.578 55.8284 0 192.657 56.4959 0.283413
-0.946051 -0.240513 -0.217122 191.578 55.8284 0 192.669 56.645 0.279949
-0.948201 -0.241063 -0.20689 191.578 55.8284 0 192.685 56.7988 0.277325
-0.95017 -0.241566 -0.197033 191.578 55.8284 0 192.691 56.9511 0.272339
-0.951123 -0.241809 -0.192074 191.578 55.8284 0 192.688 57.0943 0.271557
-0.952157 -0.242076 -0.186535 191.578 55.8284 0 192.667 57.2343 0.266195
-0.953245 -0.242353 -0.180526 191.578 55.8284 0 192.63 57.3634 0.256613
-0.953558 -0.242433 -0.178754 191.578 55.8284 0 192.585 57.4831 0.251272
-0.954 -0.24255 -0.176219 191.578 55.8284 0 192.532 57.613 0.244186
-0.954509 -0.242683 -0.173257 191.578 55.8284 0 192.477 57.7502 0.236626
-0.955691 -0.242984 -0.166173 191.578 55.8284 0 192.427 57.8723 0.223532
-0.957565 -0.243464 -0.154254 191.578 55.8284 0 192.388 58.0155 0.2066
-0.959904 -0.244062 -0.137904 191.578 55.8284 0 192.356 58.1679 0.185253
-0.96141 -0.244446 -0.12624 191.578 55.8284 0 192.323 58.3201 0.169983
-0.963356 -0.244945 -0.1093 191.578 55.8284 0 192.288 58.4872 0.147646
-0.965385 -0.245461 -0.0882124 191.578 55.8284 0 192.259 58.671 0.120459
-0.966595 -0.245774 -0.0727241 191.578 55.8284 0 192.233 58.8519 0.100609
-0.967289 -0.245953 -0.0621237 191.578 55.8284 0 192.207 59.0448 0.087265
-0.967716 -0.246063 -0.0545812 191.578 55.8284 0 192.168 59.2432 0.0772629
-0.967485 -0.246008 -0.0587637 191.578 55.8284 0 192.116 59.459 0.083334
-0.967426 -0.245997 -0.0597732 191.578 55.8284 0 192.042 59.6853 0.0838223
-0.967128 -0.245926 -0.0646899 191.578 55.8284 0 191.962 59.9065 0.0892601
-0.966756 -0.245835 -0.0703425 191.578 55.8284 0 191.887 60.1246 0.0957203
-0.966059 -0.245663 -0.0798736 191.578 55.8284 0 191.803 60.3449 0.106655
-0.964964 -0.24539 -0.0928841 191.578 55.8284 0 191.706 60.5577 0.120235
-0.963263 -0.244965 -0.110076 191.578 55.8284 0 191.595 60.7751 0.136826
-0.961169 -0.244444 -0.128068 191.578 55.8284 0 191.482 60.9992 0.152504
-0.957546 -0.243528 -0.154272 191.578 55.8284 0 191.375 61.2054 0.176189
-0.939327 -0.284834 -0.191141 190.28 60.9332 0 191.258 61.4209 0.209663
-0.932571 -0.282789 -0.224369 190.28 60.9332 0 191.144 61.6405 0.237478
-0.925186 -0.280558 -0.255574 190.28 60.9332 0 191.042 61.8353 0.261795
-0.918306 -0.278473 -0.281364 190.28 60.9332 0 190.937 62.044 0.278643
-0.912104 -0.276599 -0.302588 190.28 60.9332 0 190.843 62.2475 0.291939
-0.906753 -0.274981 -0.319662 190.28 60.9332 0 190.759 62.4337 0.301464
-0.905124 -0.274494 -0.32466 190.28 60.9332 0 190.689 62.6148 0.301622
-0.900626 -0.273136 -0.338037 190.28 60.9332 0 190.617 62.7762 0.307812
-0.897477 -0.272188 -0.347057 190.28 60.9332 0 190.558 62.9134 0.311028
-0.898582 -0.272526 -0.343919 190.28 60.9332 0 190.504 63.0431 0.302773
-0.901152 -0.273308 -0.336493 190.28 60.9332 0 190.461 63.1438 0.290833
-0.9074 -0.275206 -0.317627 190.28 60.9332 0 190.428 63.2155 0.269314
-0.913803 -0.277147 -0.296908 190.28 60.9332 0 190.413 63.2926 0.252357
-0.92161 -0.279513 -0.269271 190.28 60.9332 0 190.413 63.3702 0.23317
-0.928049 -0.281469 -0.243928 190.28 60.9332 0 190.405 63.4256 0.212021
-0.937934 -0.284468 -0.198387 190.28 60.9332 0 190.384 63.4511 0.167999
-0.945627 -0.286805 -0.153403 190.28 60.9332 0 190.371 63.4357 0.126156
-0.706928 -0.214659 0.673925 190.28 60.9332 0 189.711 63.2968 -0.128925
-0.446866 -0.135708 0.884248 190.28 60.9332 0 189.672 63.3842 -0.244781
-0.383563 -0.116452 0.916143 190.28 60.9332 0 189.681 63.4996 -0.390261
-0.388209 -0.117824 0.914008 190.28 60.9332 0 189.693 63.6297 -0.497031
-0.425737 -0.129194 0.895576 190.28 60.9332 0 189.721 63.7926 -0.593208
-0.456881 -0.138627 0.87866 190.28 60.9332 0 189.75 63.9724 -0.688851
-0.476525 -0.144579 0.867191 190.28 60.9332 0 189.767 64.1256 -0.757102
-0.482912 -0.146512 0.863325 190.28 60.9332 0 189.776 64.2708 -0.830479
-0.474036 -0.143815 0.868681 190.28 60.9332 0 189.779 64.3511 -0.898448
-0.460875 -0.13982 0.876381 190.28 60.9332 0 189.776 64.4011 -0.953304
-0.440301 -0.133583 0.887857 190.28 60.9332 0 189.755 64.4562 -1.00261
-0.424755 -0.128866 0.896089 190.28 60.9332 0 189.728 64.5415 -1.04688
-0.409765 -0.124324 0.903679 190.28 60.9332 0 189.694 64.6705 -1.10463
-0.39936 -0.121165 0.908752 190.28 60.9332 0 189.651 64.8426 -1.15936
-0.382298 -0.115992 0.91673 190.28 60.9332 0 189.586 65.0279 -1.20252
-0.361473 -0.10968 0.925909 190.28 60.9332 0 189.51 65.2217 -1.24428
-0.337986 -0.102561 0.935546 190.28 60.9332 0 189.422 65.415 -1.26836
-0.318875 -0.0967697 0.942844 190.28 60.9332 0 189.342 65.5943 -1.28651
-0.30712 -0.0932065 0.947095 190.28 60.9332 0 189.271 65.7985 -1.31636
-0.297502 -0.0902959 0.950442 190.28 60.9332 0 189.196 66.0191 -1.34022
-0.295449 -0.104471 0.949629 188.752 65.9751 0 189.128 66.2557 -1.35962
-0.306918 -0.108534 0.945527 188.752 65.9751 0 189.06 66.5255 -1.37884
-0.317442 -0.11226 0.941609 188.752 65.9751 0 188.989 66.8075 -1.40088
-0.334409 -0.118261 0.934979 188.752 65.9751 0 188.928 67.0754 -1.40645
-0.355665 -0.125781 0.926111 188.752 65.9751 0 188.867 67.3638 -1.40414
-0.378947 -0.134019 0.915662 188.752 65.9751 0 188.816 67.643 -1.40413
-0.402079 -0.142203 0.904494 188.752 65.9751 0 188.766 67.9175 -1.40263
-0.429624 -0.151948 0.890132 188.752 65.9751 0 188.724 68.2126 -1.40536
-0.457441 -0.161787 0.874398 188.752 65.9751 0 188.679 68.5114 -1.40064
-0.48073 -0.170024 0.860227 188.752 65.9751 0 188.633 68.7931 -1.39684
-0.499573 -0.176689 0.848061 188.752 65.9751 0 188.58 69.0828 -1.39852
-0.514687 -0.182035 0.837831 188.752 65.9751 0 188.525 69.3553 -1.40102
-0.526601 -0.186252 0.829459 188.752 65.9751 0 188.465 69.6105 -1.39825
-0.539618 -0.19086 0.819991 188.752 65.9751 0 188.404 69.8822 -1.39632
-0.547774 -0.193746 0.813883 188.752 65.9751 0 188.327 70.1657 -1.39645
-0.553232 -0.195681 0.809718 188.752 65.9751 0 188.25 70.4319 -1.39726
-0.555491 -0.196484 0.807975 188.752 65.9751 0 188.16 70.7056 -1.39784
-0.554135 -0.196006 0.809022 188.752 65.9751 0 188.062 70.966 -1.39557
-0.554224 -0.196041 0.808953 188.752 65.9751 0 187.967 71.2095 -1.38318
-0.542504 -0.220731 0.810535 186.995 70.9429 0 187.868 71.4643 -1.39072
-0.540516 -0.219926 0.812081 186.995 70.9429 0 187.768 71.7101 -1.39886
-0.537553 -0.218724 0.814369 186.995 70.9429 0 187.668 71.9346 -1.39898
-0.53017 -0.215722 0.81999 186.995 70.9429 0 187.552 72.1703 -1.40156
-0.520249 -0.211689 0.827363 186.995 70.9429 0 187.432 72.3888 -1.39862
-0.512234 -0.208431 0.83317 186.995 70.9429 0 187.322 72.5988 -1.39711
-0.502101 -0.204312 0.840328 186.995 70.9429 0 187.209 72.812 -1.39886
-0.496072 -0.201862 0.844491 186.995 70.9429 0 187.097 73.0334 -1.39103
-0.489843 -0.199333 0.848717 186.995 70.9429 0 186.988 73.2421 -1.38101
-0.475246 -0.193398 0.858335 186.995 70.9429 0 186.861 73.4692 -1.38477
-0.460812 -0.187528 0.86746 186.995 70.9429 0 186.736 73.7036 -1.39547
-0.445764 -0.18141 0.876575 186.995 70.9429 0 186.61 73.9253 -1.39827
-0.433818 -0.176553 0.883533 186.995 70.9429 0 186.478 74.167 -1.38907
-0.422814 -0.17208 0.889728 186.995 70.9429 0 186.344 74.4241 -1.38172
-0.409559 -0.166694 0.896925 186.995 70.9429 0 186.2 74.6921 -1.37291
-0.399468 -0.162598 0.902213 186.995 70.9429 0 186.063 74.96 -1.3603
-0.389724 -0.158635 0.907166 186.995 70.9429 0 185.918 75.2433 -1.34422
-0.379888 -0.154639 0.912015 186.995 70.9429 0 185.782 75.5139 -1.3317
-0.37098 -0.151024 0.916278 186.995 70.9429 0 185.642 75.7998 -1.32144
-0.366112 -0.149044 0.918557 186.995 70.9429 0 185.519 76.0662 -1.30899
-0.351276 -0.162817 0.922006 184.915 76.054 0 185.382 76.3354 -1.2893
-0.348242 -0.161414 0.923403 184.915 76.054 0 185.249 76.5957 -1.27567
-0.34107 -0.158095 0.926648 184.915 76.054 0 185.122 76.8312 -1.2667
-0.33602 -0.155758 0.928886 184.915 76.054 0 184.987 77.09 -1.25514
-0.337893 -0.156634 0.92806 184.915 76.054 0 184.866 77.3459 -1.24217
-0.337214 -0.156321 0.928359 184.915 76.054 0 184.75 77.5852 -1.23423
-0.339408 -0.157348 0.927385 184.915 76.054 0 184.632 77.8364 -1.22026
-0.337481 -0.156456 0.928239 184.915 76.054 0 184.509 78.0824 -1.20943
-0.341451 -0.1583 0.926473 184.915 76.054 0 184.406 78.3212 -1.20994
-0.345479 -0.160175 0.924656 184.915 76.054 0 184.306 78.5595 -1.21669
-0.355178 -0.164674 0.92018 184.915 76.054 0 184.226 78.7908 -1.2345
-0.36189 -0.167787 0.916997 184.915 76.054 0 184.148 78.9948 -1.24206
-0.371003 -0.172018 0.912561 184.915 76.054 0 184.072 79.2031 -1.24802
-0.38165 -0.176954 0.90721 184.915 76.054 0 184.009 79.4001 -1.26144
-0.386645 -0.179272 0.904637 184.915 76.054 0 183.945 79.5763 -1.27567
-0.393642 -0.182517 0.900962 184.915 76.054 0 183.889 79.7491 -1.29264
-0.399173 -0.185084 0.898 184.915 76.054 0 183.833 79.9138 -1.30906
-0.406874 -0.188652 0.893792 184.915 76.054 0 183.792 80.0565 -1.32321
-0.411833 -0.190951 0.891028 184.915 76.054 0 183.752 80.1942 -1.34507
-0.41257 -0.191294 0.890614 184.915 76.054 0 183.706 80.3192 -1.36292
-0.414906 -0.192376 0.889295 184.915 76.054 0 183.666 80.4222 -1.36757
-0.414916 -0.192382 0.889289 184.915 76.054 0 183.627 80.5204 -1.37979
-0.413666 -0.191805 0.889995 184.915 76.054 0 183.586 80.6107 -1.38581
-0.410995 -0.190569 0.891497 184.915 76.054 0 183.556 80.6774 -1.39965
-0.410524 -0.190352 0.89176 184.915 76.054 0 183.538 80.7224 -1.40542
-0.403472 -0.187082 0.895662 184.915 76.054 0 183.516 80.7422 -1.41337
-0.399543 -0.185258 0.8978 184.915 76.054 0 183.513 80.7404 -1.42386
-0.388783 -0.180269 0.903521 184.915 76.054 0 183.513 80.7056 -1.44085
-0.379101 -0.175786 0.908505 184.915 76.054 0 183.518 80.6599 -1.4538
-0.364484 -0.169007 0.915745 184.915 76.054 0 183.524 80.5861 -1.46592
-0.343651 -0.159351 0.925479 184.915 76.054 0 183.525 80.4949 -1.48132
-0.319763 -0.148275 0.935824 184.915 76.054 0 183.535 80.3833 -1.50765
-0.300211 -0.139212 0.943659 184.915 76.054 0 183.556 80.2658 -1.53334
-0.2859 -0.132573 0.949045 184.915 76.054 0 183.6 80.1236 -1.55885
-0.269727 -0.125075 0.954779 184.915 76.054 0 183.64 79.9736 -1.57837
-0.255189 -0.118335 0.959622 184.915 76.054 0 183.69 79.8127 -1.59957
-0.238835 -0.110752 0.964724 184.915 76.054 0 183.752 79.6204 -1.62826
-0.223746 -0.103752 0.96911 184.915 76.054 0 183.829 79.3984 -1.65417
-0.208995 -0.0969136 0.973103 184.915 76.054 0 183.911 79.1652 -1.67691
-0.191191 -0.0886573 0.977541 184.915 76.054 0 184.005 78.8926 -1.70701
-0.182749 -0.0847404 0.979501 184.915 76.054 0 184.132 78.5991 -1.74707
-0.177654 -0.0823713 0.98064 184.915 76.054 0 184.269 78.3019 -1.79632
-0.177946 -0.082501 0.980576 184.915 76.054 0 184.446 77.9517 -1.85876
-0.173872 -0.0806061 0.981464 184.915 76.054 0 184.614 77.5926 -1.91161
-0.163935 -0.0759956 0.98354 184.915 76.054 0 184.794 77.1772 -1.97273
-0.156794 -0.0726793 0.984954 184.915 76.054 0 184.994 76.7313 -2.02931
-0.148357 -0.0687645 0.98654 184.915 76.054 0 185.186 76.2918 -2.08394
-0.152289 -0.0620152 0.986389 186.995 70.9429 0 185.402 75.8085 -2.14753
-0.15467 -0.0629791 0.985957 186.995 70.9429 0 185.623 75.3118 -2.21693
-0.153595 -0.0625349 0.986153 186.995 70.9429 0 185.822 74.8408 -2.27728
-0.146458 -0.0596225 0.987418 186.995 70.9429 0 186.022 74.3314 -2.34698
-0.138781 -0.0564949 0.98871 186.995 70.9429 0 186.217 73.8247 -2.41232
-0.132428 -0.0539032 0.989726 186.995 70.9429 0 186.398 73.3601 -2.47978
-0.123242 -0.0501614 0.991108 186.995 70.9429 0 186.581 72.8698 -2.55497
-0.112071 -0.0456107 0.992653 186.995 70.9429 0 186.757 72.3779 -2.62763
-0.100198 -0.0407762 0.994132 186.995 70.9429 0 186.916 71.9164 -2.70342
-0.0861789 -0.0350681 0.995662 186.995 70.9429 0 187.081 71.4177 -2.76813
-0.0746409 -0.026434 0.99686 188.752 65.9751 0 187.241 70.9178 -2.8196
-0.0681167 -0.0241231 0.997386 188.752 65.9751 0 187.39 70.4487 -2.86295
-0.0648277 -0.0229564 0.997632 188.752 65.9751 0 187.553 69.9661 -2.91338
-0.0650007 -0.0230136 0.99762 188.752 65.9751 0 187.724 69.4942 -2.95968
-0.0675859 -0.0239221 0.997427 188.752 65.9751 0 187.884 69.0735 -2.98892
-0.0759161 -0.0268649 0.996752 188.752 65.9751 0 188.059 68.6634 -3.00874
-0.0849893 -0.0300693 0.995928 188.752 65.9751 0 188.224 68.2884 -3.02702
-0.0923368 -0.0326653 0.995192 188.752 65.9751 0 188.377 67.9324 -3.03752
-0.102321 -0.0361923 0.994093 188.752 65.9751 0 188.541 67.5662 -3.04067
-0.114489 -0.0404923 0.992599 188.752 65.9751 0 188.711 67.2063 -3.04097
-0.124066 -0.0438771 0.991303 188.752 65.9751 0 188.858 66.8824 -3.03128
-0.136107 -0.0481311 0.989524 188.752 65.9751 0 189.01 66.565 -3.01831
-0.143817 -0.0508527 0.988297 188.752 65.9751 0 189.143 66.2549 -2.99305
-0.154709 -0.0469526 0.986844 190.28 60.9332 0 189.253 65.9856 -2.94826
-0.160514 -0.0487098 0.985831 190.28 60.9332 0 189.344 65.7202 -2.8989
-0.167958 -0.0509644 0.984476 190.28 60.9332 0 189.436 65.475 -2.85793
-0.174641 -0.0529906 0.983205 190.28 60.9332 0 189.52 65.2462 -2.82154
-0.18577 -0.0563623 0.980976 190.28 60.9332 0 189.621 65.0073 -2.78324
-0.200359 -0.0607839 0.977835 190.28 60.9332 0 189.725 64.7882 -2.74263
-0.214621 -0.0651079 0.974525 190.28 60.9332 0 189.821 64.6033 -2.71625
-0.232153 -0.0704247 0.970126 190.28 60.9332 0 189.924 64.4302 -2.69376
-0.244115 -0.0740482 0.966915 190.28 60.9332 0 190.006 64.2708 -2.6761
-0.256441 -0.0777859 0.963425 190.28 60.9332 0 190.083 64.1372 -2.6621
-0.267534 -0.081147 0.960125 190.28 60.9332 0 190.149 64.0208 -2.64587
-0.278172 -0.0843738 0.956818 190.28 60.9332 0 190.208 63.9396 -2.6432
-0.28573 -0.0866629 0.954384 190.28 60.9332 0 190.245 63.9028 -2.64569
-0.291541 -0.0884257 0.952462 190.28 60.9332 0 190.267 63.906 -2.65737
-0.293835 -0.0891209 0.951692 190.28 60.9332 0 190.264 63.9538 -2.66796
-0.296519 -0.0899359 0.950783 190.28 60.9332 0 190.248 64.0362 -2.66912
-0.298386 -0.0905041 0.950145 190.28 60.9332 0 190.219 64.1669 -2.67926
-0.299337 -0.0907935 0.949818 190.28 60.9332 0 190.176 64.3282 -2.68875
-0.30017 -0.0910468 0.949531 190.28 60.9332 0 190.12 64.5458 -2.70728
-0.300479 -0.0911439 0.949423 190.28 60.9332 0 190.051 64.8065 -2.73349
-0.298026 -0.0904014 0.950267 190.28 60.9332 0 189.964 65.0884 -2.75406
-0.292717 -0.0887929 0.952068 190.28 60.9332 0 189.853 65.4216 -2.78104
-0.287534 -0.087224 0.95379 190.28 60.9332 0 189.731 65.7833 -2.79848
-0.280474 -0.0850848 0.956083 190.28 60.9332 0 189.607 66.1395 -2.82584
-0.272336 -0.0962994 0.957371 188.752 65.9751 0 189.46 66.5365 -2.834
-0.267045 -0.0944326 0.959046 188.752 65.9751 0 189.297 66.953 -2.84441
-0.260083 -0.0919743 0.961196 188.752 65.9751 0 189.13 67.3505 -2.84071
-0.250517 -0.0885936 0.96405 188.752 65.9751 0 188.94 67.7881 -2.83574
-0.242169 -0.0856461 0.966446 188.752 65.9751 0 188.749 68.2314 -2.82277
-0.234684 -0.0830058 0.968521 188.752 65.9751 0 188.567 68.6599 -2.80558
-0.22705 -0.0803089 0.970566 188.752 65.9751 0 188.374 69.111 -2.77904
-0.219642 -0.0776939 0.972482 188.752 65.9751 0 188.181 69.5599 -2.74474
-0.216426 -0.076562 0.973292 188.752 65.9751 0 188.011 69.9824 -2.70481
-0.213736 -0.0756173 0.97396 188.752 65.9751 0 187.791 70.5459 -2.65647
-0.212909 -0.0753272 0.974164 188.752 65.9751 0 187.673 70.8511 -2.62552
-0.21074 -0.0857422 0.973775 186.995 70.9429 0 187.521 71.2529 -2.58407
-0.219234 -0.0892059 0.971586 186.995 70.9429 0 187.365 71.674 -2.53707
-0.227685 -0.0926474 0.969317 186.995 70.9429 0 187.214 72.0778 -2.48709
-0.235679 -0.0959019 0.967087 186.995 70.9429 0 187.078 72.4522 -2.45318
-0.24331 -0.0990138 0.964882 186.995 70.9429 0 186.935 72.8298 -2.40731
-0.251679 -0.102421 0.962376 186.995 70.9429 0 186.802 73.1944 -2.37186
-0.260633 -0.106068 0.959594 186.995 70.9429 0 186.68 73.5307 -2.3296
-0.272248 -0.110797 0.955827 186.995 70.9429 0 186.567 73.8707 -2.29796
-0.283477 -0.115369 0.952014 186.995 70.9429 0 186.456 74.1982 -2.2647
-0.293321 -0.119378 0.948531 186.995 70.9429 0 186.345 74.5169 -2.23234
-0.305236 -0.12423 0.944139 186.995 70.9429 0 186.249 74.8198 -2.20677
-0.317238 -0.129117 0.939515 186.995 70.9429 0 186.142 75.1498 -2.18085
-0.32823 -0.133593 0.935103 186.995 70.9429 0 186.038 75.4596 -2.15252
-0.34109 -0.138829 0.929723 186.995 70.9429 0 185.926 75.8008 -2.12196
-0.350346 -0.1426 0.925701 186.995 70.9429 0 185.8 76.1483 -2.09276
-0.352372 -0.163324 0.921498 184.915 76.054 0 185.674 76.4871 -2.06454
-0.367884 -0.17052 0.914103 184.915 76.054 0 185.538 76.8569 -2.03479
-0.384697 -0.178315 0.905656 184.915 76.054 0 185.407 77.2305 -2.01025
-0.396439 -0.183763 0.899481 184.915 76.054 0 185.275 77.5746 -1.98754
-0.404346 -0.187433 0.895195 184.915 76.054 0 185.127 77.9357 -1.97574
-0.408715 -0.189461 0.89278 184.915 76.054 0 184.976 78.283 -1.96707
-0.410388 -0.19024 0.891846 184.915 76.054 0 184.84 78.5976 -1.97342
-0.402838 -0.186743 0.896018 184.915 76.054 0 184.699 78.8876 -2.00807
-0.382229 -0.177194 0.90692 184.915 76.054 0 184.553 79.1056 -2.05484
-0.360293 -0.167027 0.917764 184.915 76.054 0 184.417 79.2769 -2.08684
-0.324462 -0.150421 0.933862 184.915 76.054 0 184.251 79.4223 -2.12416
-0.274789 -0.127399 0.953027 184.915 76.054 0 184.081 79.4962 -2.17287
-0.206774 -0.0958752 0.97368 184.915 76.054 0 183.902 79.496 -2.25379
-0.137025 -0.0635472 0.988527 184.915 76.054 0 183.748 79.4225 -2.34052
-0.0774058 -0.0359116 0.996353 184.915 76.054 0 183.634 79.3094 -2.40738
-0.029448 -0.0136812 0.999473 184.915 76.054 0 183.554 79.18 -2.45685
0.0104575 0.00481646 0.999934 184.915 76.054 0 183.498 79.0434 -2.49784
0.0428662 0.0198392 0.998884 184.915 76.054 0 183.459 78.9104 -2.53412
0.0699852 0.0324081 0.997021 184.915 76.054 0 183.436 78.7714 -2.57529
0.673057 0.351225 -0.650873 182.595 81.0596 0 181.602 82.827 0.052708
0.524627 0.273842 -0.806087 182.595 81.0596 0 181.54 82.927 0.0954917
0.459341 0.239849 -0.855265 182.595 81.0596 0 181.454 82.9865 0.196802
0.441062 0.230347 -0.867413 182.595 81.0596 0 181.384 83.0536 0.261586
0.423296 0.221092 -0.8786 182.595 81.0596 0 181.322 83.1193 0.320103
0.412926 0.215694 -0.884855 182.595 81.0596 0 181.253 83.1811 0.392735
0.422026 0.220466 -0.879368 182.595 81.0596 0 181.177 83.2493 0.447825
0.459525 0.240071 -0.855104 182.595 81.0596 0 181.099 83.2759 0.494286
0.498799 0.260624 -0.826604 182.595 81.0596 0 181.022 83.2738 0.54106
0.536176 0.280163 -0.796256 182.595 81.0596 0 180.937 83.2445 0.601698
0.553515 0.289244 -0.780998 182.595 81.0596 0 180.854 83.2335 0.67046
0.557295 0.291223 -0.777568 182.595 81.0596 0 180.756 83.2524 0.759516
0.559684 0.292471 -0.77538 182.595 81.0596 0 180.637 83.3221 0.84363
0.56268 0.294042 -0.772613 182.595 81.0596 0 180.508 83.4267 0.916975
0.557342 0.291251 -0.777524 182.595 81.0596 0 180.367 83.5983 0.987435
0.545825 0.285232 -0.787856 182.595 81.0596 0 180.217 83.8028 1.071
0.532121 0.278069 -0.799703 182.595 81.0596 0 180.065 84.0298 1.15386
0.511131 0.267096 -0.816949 182.595 81.0596 0 179.908 84.3071 1.24269
0.488993 0.255526 -0.834022 182.595 81.0596 0 179.738 84.6076 1.34363
0.47124 0.246239 -0.846935 182.595 81.0596 0 179.567 84.9069 1.43599
0.450687 0.235502 -0.861057 182.595 81.0596 0 179.374 85.2529 1.54561
0.420748 0.24611 -0.873156 180.04 85.9476 0 179.171 85.6073 1.65219
0.40204 0.23516 -0.884909 180.04 85.9476 0 178.978 85.9449 1.74479
0.381516 0.22315 -0.897023 180.04 85.9476 0 178.769 86.3183 1.84804
0.36209 0.211784 -0.907766 180.04 85.9476 0 178.58 86.6688 1.94013
0.340397 0.199091 -0.918963 180.04 85.9476 0 178.39 87.0487 2.02356
0.317904 0.185929 -0.929713 180.04 85.9476 0 178.218 87.4247 2.08767
0.299733 0.175297 -0.93778 180.04 85.9476 0 178.058 87.7571 2.15424
0.284734 0.16652 -0.944033 180.04 85.9476 0 177.892 88.0792 2.22664
0.272857 0.159567 -0.948729 180.04 85.9476 0 177.727 88.3864 2.29856
0.261491 0.152917 -0.953016 180.04 85.9476 0 177.585 88.6635 2.35331
0.249473 0.145885 -0.95733 180.04 85.9476 0 177.448 88.9435 2.40125
0.236157 0.138094 -0.961852 180.04 85.9476 0 177.323 89.2168 2.44428
0.227588 0.13308 -0.964621 180.04 85.9476 0 177.211 89.4444 2.47551
0.22269 0.130215 -0.966154 180.04 85.9476 0 177.095 89.6541 2.51293
0.217849 0.12738 -0.967634 180.04 85.9476 0 176.989 89.8537 2.53761
0.21289 0.124479 -0.969115 180.04 85.9476 0 176.891 90.0434 2.55672
0.208929 0.122162 -0.970271 180.04 85.9476 0 176.804 90.2101 2.57116
0.19923 0.129658 -0.971337 177.257 90.7062 0 176.717 90.3763 2.58533
0.194176 0.126364 -0.972794 177.257 90.7062 0 176.641 90.5198 2.59498
0.191108 0.124367 -0.973658 177.257 90.7062 0 176.562 90.6589 2.59622
0.187731 0.122169 -0.974593 177.257 90.7062 0 176.489 90.7886 2.60634
0.187367 0.121931 -0.974693 177.257 90.7062 0 176.419 90.8964 2.60992
0.187364 0.121928 -0.974694 177.257 90.7062 0 176.347 91.0085 2.60535
0.187737 0.122166 -0.974592 177.257 90.7062 0 176.268 91.1248 2.61369
0.190022 0.123651 -0.973962 177.257 90.7062 0 176.186 91.237 2.61368
0.191437 0.124571 -0.973568 177.257 90.7062 0 176.092 91.3663 2.62559
0.196795 0.128057 -0.972046 177.257 90.7062 0 175.987 91.4918 2.63392
0.198768 0.129341 -0.971474 177.257 90.7062 0 175.887 91.6249 2.65129
0.202016 0.131454 -0.97052 177.257 90.7062 0 175.772 91.7754 2.66423
0.204302 0.132939 -0.969839 177.257 90.7062 0 175.651 91.9383 2.68284
0.204823 0.133276 -0.969683 177.257 90.7062 0 175.537 92.1001 2.70332
0.206499 0.134365 -0.969177 177.257 90.7062 0 175.411 92.2746 2.72023
0.209334 0.136208 -0.968311 177.257 90.7062 0 175.271 92.4616 2.74036
0.210499 0.136965 -0.967952 177.257 90.7062 0 175.139 92.6474 2.76228
0.212222 0.138084 -0.967416 177.257 90.7062 0 174.984 92.8625 2.78514
0.211721 0.137756 -0.967573 177.257 90.7062 0 174.827 93.0932 2.81436
0.212086 0.137992 -0.967459 177.257 90.7062 0 174.667 93.3271 2.83494
0.209122 0.136059 -0.968378 177.257 90.7062 0 174.502 93.5846 2.8686
0.207837 0.13522 -0.968772 177.257 90.7062 0 174.324 93.8535 2.89796
0.207685 0.135118 -0.968819 177.257 90.7062 0 174.152 94.1043 2.9287
0.209162 0.136079 -0.968367 177.257 90.7062 0 173.964 94.3663 2.96177
0.212399 0.138183 -0.967363 177.257 90.7062 0 173.777 94.6185 2.98713
0.209749 0.151205 -0.965993 174.252 95.324 0 173.597 94.8528 3.01397
0.208463 0.150277 -0.966416 174.252 95.324 0 173.415 95.1021 3.03999
0.208016 0.149949 -0.966563 174.252 95.324 0 173.226 95.354 3.07051
0.208654 0.15041 -0.966354 174.252 95.324 0 173.048 95.5882 3.08937
0.21036 0.151637 -0.965792 174.252 95.324 0 172.856 95.8291 3.11808
0.211146 0.1522 -0.965532 174.252 95.324 0 172.666 96.0725 3.14709
0.211049 0.152129 -0.965565 174.252 95.324 0 172.493 96.2988 3.18034
0.212444 0.153131 -0.9651 174.252 95.324 0 172.305 96.5354 3.20882
0.214622 0.154699 -0.964368 174.252 95.324 0 172.127 96.755 3.23259
0.214771 0.154804 -0.964318 174.252 95.324 0 171.948 96.9853 3.26972
0.214422 0.154552 -0.964436 174.252 95.324 0 171.769 97.2222 3.29939
0.213046 0.153555 -0.9649 174.252 95.324 0 171.606 97.4426 3.33364
0.211888 0.15272 -0.965287 174.252 95.324 0 171.433 97.6772 3.36425
0.211153 0.152187 -0.965533 174.252 95.324 0 171.257 97.9106 3.40041
0.210491 0.151707 -0.965753 174.252 95.324 0 171.086 98.1389 3.4307
0.209584 0.151056 -0.966052 174.252 95.324 0 170.937 98.3435 3.45324
0.208515 0.150281 -0.966404 174.252 95.324 0 170.779 98.5585 3.47992
0.208283 0.150111 -0.966481 174.252 95.324 0 170.63 98.761 3.49483
0.204528 0.147405 -0.967698 174.252 95.324 0 170.48 98.99 3.51626
0.202833 0.146181 -0.968241 174.252 95.324 0 170.32 99.2172 3.53423
0.193162 0.153761 -0.969044 171.032 99.79 0 170.16 99.4389 3.53766
0.190588 0.151711 -0.969876 171.032 99.79 0 170.017 99.6413 3.5326
0.18781 0.149497 -0.970762 171.032 99.79 0 169.865 99.8538 3.53158
0.187049 0.14889 -0.971002 171.032 99.79 0 169.714 100.05 3.53042
0.188948 0.150401 -0.970401 171.032 99.79 0 169.545 100.251 3.52288
0.191574 0.152487 -0.96956 171.032 99.79 0 169.37 100.454 3.5132
0.197005 0.156808 -0.967781 171.032 99.79 0 169.186 100.647 3.50034
0.203175 0.161719 -0.965695 171.032 99.79 0 168.982 100.857 3.4942
0.211343 0.168222 -0.962827 171.032 99.79 0 168.767 101.064 3.4905
0.219426 0.174651 -0.959869 171.032 99.79 0 168.553 101.265 3.49356
0.226722 0.180455 -0.957096 171.032 99.79 0 168.332 101.484 3.49357
0.233541 0.185883 -0.954414 171.032 99.79 0 168.105 101.708 3.50434
0.238675 0.189968 -0.952338 171.032 99.79 0 167.89 101.928 3.51856
0.244283 0.19443 -0.950012 171.032 99.79 0 167.661 102.16 3.53412
0.247137 0.196701 -0.948806 171.032 99.79 0 167.434 102.406 3.56269
0.247932 0.197331 -0.948467 171.032 99.79 0 167.224 102.645 3.59629
0.245904 0.195714 -0.94933 171.032 99.79 0 167.009 102.909 3.64073
0.241075 0.191866 -0.951352 171.032 99.79 0 166.804 103.184 3.68779
0.222517 0.195192 -0.955189 167.607 104.093 0 166.627 103.454 3.73721
0.208694 0.183064 -0.960695 167.607 104.093 0 166.447 103.756 3.78519
0.19507 0.171109 -0.965748 167.607 104.093 0 166.273 104.054 3.82784
0.186726 0.163787 -0.968663 167.607 104.093 0 166.103 104.312 3.8452
0.179377 0.157337 -0.971117 167.607 104.093 0 165.937 104.562 3.85056
0.174124 0.15273 -0.972808 167.607 104.093 0 165.784 104.777 3.8605
0.171164 0.150131 -0.973737 167.607 104.093 0 165.668 104.924 3.8896
0.175698 0.154109 -0.972307 167.607 104.093 0 165.551 105.018 3.89242
0.18546 0.162671 -0.969094 167.607 104.093 0 165.446 105.067 3.8605
0.751753 0.659365 -0.0102532 167.607 104.093 0 165.263 105.203 0.0105626
0.751376 0.659037 -0.0332279 167.607 104.093 0 165.07 105.34 0.0360639
0.7504 0.658172 -0.0608995 167.607 104.093 0 164.881 105.466 0.069824
0.748958 0.656912 -0.0867705 167.607 104.093 0 164.704 105.574 0.104969
0.747558 0.655688 -0.105975 167.607 104.093 0 164.538 105.701 0.132908
0.746031 0.654339 -0.123604 167.607 104.093 0 164.405 105.836 0.156708
0.74368 0.652273 -0.146563 167.607 104.093 0 164.308 105.96 0.185001
0.74093 0.649858 -0.169432 167.607 104.093 0 164.236 106.1 0.208168
0.736229 0.645728 -0.202488 167.607 104.093 0 164.176 106.238 0.240944
0.732302 0.642282 -0.226292 167.607 104.093 0 164.109 106.352 0.264763
0.728143 0.638627 -0.248925 167.607 104.093 0 164.038 106.462 0.287941
0.723519 0.634559 -0.271761 167.607 104.093 0 163.97 106.567 0.311378
0.716517 0.628413 -0.302822 167.607 104.093 0 163.896 106.691 0.342052
0.708527 0.621408 -0.334427 167.607 104.093 0 163.804 106.846 0.370308
0.696389 0.610744 -0.376874 167.607 104.093 0 163.679 107.042 0.410156
0.685003 0.600754 -0.412148 167.607 104.093 0 163.528 107.246 0.446426
0.66714 0.58508 -0.461091 167.607 104.093 0 163.335 107.478 0.508816
0.618874 0.597555 -0.509826 163.983 108.224 0 163.116 107.725 0.575096
0.599043 0.578395 -0.553721 163.983 108.224 0 162.9 107.975 0.633228
0.572424 0.552687 -0.605696 163.983 108.224 0 162.665 108.258 0.704017
0.543044 0.524314 -0.655895 163.983 108.224 0 162.416 108.555 0.780132
0.512861 0.495158 -0.701278 163.983 108.224 0 162.175 108.843 0.856514
0.476591 0.46013 -0.749094 163.983 108.224 0 161.919 109.168 0.937774
0.438915 0.423743 -0.792335 163.983 108.224 0 161.653 109.51 1.01684
0.399813 0.385974 -0.831368 163.983 108.224 0 161.394 109.843 1.10366
0.354072 0.3418 -0.87052 163.983 108.224 0 161.11 110.221 1.20139
0.307766 0.29708 -0.903894 163.983 108.224 0 160.834 110.6 1.29908
0.269597 0.260226 -0.927146 163.983 108.224 0 160.564 110.953 1.39652
0.233666 0.225522 -0.945801 163.983 108.224 0 160.27 111.326 1.50447
0.198311 0.19139 -0.961271 163.983 108.224 0 159.98 111.705 1.61174
0.15439 0.164045 -0.974296 160.171 112.172 0 159.708 112.061 1.72065
0.120623 0.128154 -0.984392 160.171 112.172 0 159.422 112.429 1.82592
0.0898643 0.0954633 -0.991368 160.171 112.172 0 159.142 112.789 1.93852
0.0667747 0.0709258 -0.995244 160.171 112.172 0 158.878 113.114 2.045
0.0448393 0.0476163 -0.997859 160.171 112.172 0 158.602 113.454 2.16306
0.0304322 0.0323052 -0.999015 160.171 112.172 0 158.335 113.762 2.26661
0.0214868 0.022792 -0.999509 160.171 112.172 0 158.045 114.071 2.37215
0.0180694 0.0191574 -0.999653 160.171 112.172 0 157.74 114.37 2.48859
0.0163129 0.0172924 -0.999717 160.171 112.172 0 157.426 114.67 2.61645
0.0155019 0.0164207 -0.999745 160.171 112.172 0 157.125 114.955 2.72291
0.0158997 0.0168424 -0.999732 160.171 112.172 0 156.81 115.245 2.83992
0.0200047 0.0212065 -0.999575 160.171 112.172 0 156.515 115.495 2.94452
0.0247007 0.026189 -0.999352 160.171 112.172 0 156.212 115.747 3.05339
0.0270927 0.0316998 -0.99913 156.18 115.928 0 155.907 115.988 3.16022
0.0297941 0.0348573 -0.998948 156.18 115.928 0 155.605 116.223 3.25891
0.0306529 0.0358583 -0.998887 156.18 115.928 0 155.335 116.443 3.34095
0.0308842 0.036125 -0.99887 156.18 115.928 0 155.057 116.674 3.4274
0.0304887 0.0356622 -0.998899 156.18 115.928 0 154.801 116.891 3.50296
0.0282349 0.0330183 -0.999056 156.18 115.928 0 154.54 117.126 3.56936
0.0265768 0.0310768 -0.999164 156.18 115.928 0 154.281 117.355 3.63528
0.0262904 0.0307383 -0.999182 156.18 115.928 0 154.033 117.567 3.68828
0.0265276 0.031014 -0.999167 156.18 115.928 0 153.773 117.784 3.74491
0.0259626 0.0303501 -0.999202 156.18 115.928 0 153.518 118.004 3.78778
0.024721 0.028895 -0.999277 156.18 115.928 0 153.272 118.222 3.82473
0.0238128 0.0278278 -0.999329 156.18 115.928 0 153.021 118.442 3.85299
0.021065 0.024612 -0.999475 156.18 115.928 0 152.793 118.657 3.87188
0.0205245 0.0239754 -0.999502 156.18 115.928 0 152.562 118.859 3.88255
0.0213088 0.0248917 -0.999463 156.18 115.928 0 152.313 119.065 3.88193
0.0231991 0.0271004 -0.999363 156.18 115.928 0 152.066 119.262 3.86764
0.0228326 0.0294677 -0.999305 152.02 119.484 0 151.833 119.446 3.84934
0.0208541 0.0269141 -0.99942 152.02 119.484 0 151.6 119.644 3.8238
0.0180486 0.023286 -0.999566 152.02 119.484 0 151.372 119.845 3.78586
0.013594 0.0175343 -0.999754 152.02 119.484 0 151.16 120.045 3.75149
0.00868325 0.0111935 -0.9999 152.02 119.484 0 150.931 120.261 3.71976
0.00322541 0.00414459 -0.999986 152.02 119.484 0 150.69 120.489 3.68525
0.000949076 0.00120411 -0.999999 152.02 119.484 0 150.445 120.697 3.64959
-0.00173298 -0.0022571 -0.999996 152.02 119.484 0 150.184 120.919 3.61001
-0.00519497 -0.00672907 -0.999964 152.02 119.484 0 149.931 121.14 3.56566
-0.00923586 -0.0119522 -0.999886 152.02 119.484 0 149.689 121.357 3.53019
-0.0141494 -0.0182966 -0.999732 152.02 119.484 0 149.422 121.599 3.50173
-0.0174917 -0.0226118 -0.999591 152.02 119.484 0 149.145 121.837 3.47051
-0.0196544 -0.0254054 -0.999484 152.02 119.484 0 148.881 122.056 3.44214
-0.0233139 -0.030133 -0.999274 152.02 119.484 0 148.61 122.29 3.40547
-0.0266924 -0.0345001 -0.999048 152.02 119.484 0 148.339 122.521 3.36212
-0.0311132 -0.0402142 -0.998707 152.02 119.484 0 148.091 122.742 3.32374
-0.0331189 -0.0428059 -0.998534 152.02 119.484 0 147.814 122.968 3.29122
-0.0361533 -0.0516063 -0.998013 147.7 122.83 0 147.538 123.196 3.26487
-0.0413337 -0.0590065 -0.997401 147.7 122.83 0 147.277 123.412 3.23539
-0.047403 -0.0676686 -0.996581 147.7 122.83 0 147.005 123.643 3.21532
-0.0540063 -0.0770968 -0.99556 147.7 122.83 0 146.736 123.875 3.19537
-0.0592915 -0.0846501 -0.994645 147.7 122.83 0 146.48 124.089 3.18432
-0.065454 -0.0934449 -0.993471 147.7 122.83 0 146.209 124.321 3.17524
-0.0723401 -0.103277 -0.992019 147.7 122.83 0 145.95 124.548 3.16864
-0.0779445 -0.111284 -0.990727 147.7 122.83 0 145.706 124.759 3.17088
-0.083716 -0.119521 -0.989296 147.7 122.83 0 145.449 124.979 3.16944
-0.0894018 -0.127643 -0.987783 147.7 122.83 0 145.206 125.189 3.17087
-0.0941779 -0.134465 -0.986433 147.7 122.83 0 144.941 125.411 3.18415
-0.0971757 -0.138742 -0.985549 147.7 122.83 0 144.669 125.626 3.20093
-0.0993093 -0.141795 -0.984902 147.7 122.83 0 144.404 125.829 3.21257
-0.0994438 -0.141987 -0.984861 147.7 122.83 0 144.122 126.03 3.22501
-0.098169 -0.140172 -0.985249 147.7 122.83 0 143.835 126.224 3.23526
-0.0958922 -0.136927 -0.985929 147.7 122.83 0 143.563 126.403 3.25412
-0.0888741 -0.14081 -0.98604 143.234 125.96 0 143.285 126.581 3.2704
-0.0881407 -0.139653 -0.98627 143.234 125.96 0 143.019 126.745 3.28319
-0.0872708 -0.138273 -0.986542 143.234 125.96 0 142.782 126.891 3.29682
-0.0843998 -0.133731 -0.987417 143.234 125.96 0 142.537 127.026 3.30756
-0.0822097 -0.130263 -0.988065 143.234 125.96 0 142.31 127.153 3.31098
-0.0803979 -0.127395 -0.988588 143.234 125.96 0 142.11 127.264 3.30389
-0.0793346 -0.125713 -0.988889 143.234 125.96 0 141.948 127.356 3.28947
-0.0791042 -0.125351 -0.988954 143.234 125.96 0 141.804 127.441 3.26855
-0.0795234 -0.126016 -0.988836 143.234 125.96 0 141.697 127.508 3.246
-0.0789801 -0.125154 -0.988989 143.234 125.96 0 141.592 127.563 3.20712
-0.0775494 -0.122892 -0.989385 143.234 125.96 0 141.493 127.61 3.17532
-0.0765833 -0.121361 -0.98965 143.234 125.96 0 141.409 127.651 3.14781
-0.0750522 -0.11894 -0.990061 143.234 125.96 0 141.329 127.686 3.11554
-0.0719875 -0.114085 -0.990859 143.234 125.96 0 141.247 127.709 3.07752
-0.0693971 -0.109986 -0.991508 143.234 125.96 0 141.182 127.727 3.04384
-0.0659846 -0.104577 -0.992325 143.234 125.96 0 141.115 127.74 3.00403
-0.0627632 -0.0994714 -0.993059 143.234 125.96 0 141.042 127.759 2.97417
-0.0488566 -0.0774495 -0.995799 143.234 125.96 0 140.88 127.763 2.92065
-0.0439059 -0.0696034 -0.996608 143.234 125.96 0 140.82 127.766 2.89968
-0.0365592 -0.0579632 -0.997649 143.234 125.96 0 140.752 127.76 2.88184
-0.0247209 -0.0392147 -0.998925 143.234 125.96 0 140.675 127.731 2.83996
-0.00576563 -0.00918108 -0.999941 143.234 125.96 0 140.586 127.667 2.77867
0.0165829 0.026221 -0.999519 143.234 125.96 0 140.518 127.574 2.7067
0.0421095 0.0666603 -0.996887 143.234 125.96 0 140.465 127.462 2.61712
0.513507 0.812961 -0.274599 143.234 125.96 0 140.031 127.698 0.0685412
0.452633 0.716623 -0.530636 143.234 125.96 0 139.538 127.963 0.174197
0.256403 0.632866 -0.730574 138.63 128.866 0 138.448 128.415 0.520335
0.309488 0.547037 -0.777797 138.63 128.866 0 138.028 128.581 0.672778
0.286994 0.507264 -0.812599 138.63 128.866 0 137.6 128.789 0.800352
0.272753 0.482062 -0.832599 138.63 128.866 0 137.092 128.993 0.972002
0.263727 0.466101 -0.844511 138.63 128.866 0 136.477 129.241 1.15666
0.258321 0.456529 -0.851382 138.63 128.866 0 135.844 129.477 1.36302
0.252913 0.446968 -0.858053 138.63 128.866 0 135.325 129.69 1.52043
0.246081 0.434897 -0.866204 138.63 128.866 0 134.848 129.911 1.65027
0.233439 0.412538 -0.880522 138.63 128.866 0 134.38 130.152 1.80839
0.216151 0.381976 -0.898539 138.63 128.866 0 133.938 130.423 1.9555
0.195587 0.345616 -0.917766 138.63 128.866 0 133.553 130.706 2.07518
0.152817 0.303422 -0.940522 133.902 131.541 0 133.173 131.021 2.19339
0.124547 0.247274 -0.960908 133.902 131.541 0 132.819 131.348 2.2868
0.097289 0.193151 -0.976334 133.902 131.541 0 132.509 131.654 2.36966
0.071385 0.141704 -0.987332 133.902 131.541 0 132.176 131.97 2.44581
0.048537 0.0963237 -0.994166 133.902 131.541 0 131.833 132.278 2.5072
0.0300068 0.0595261 -0.997776 133.902 131.541 0 131.503 132.557 2.56024
0.0145235 0.0287839 -0.99948 133.902 131.541 0 131.14 132.837 2.60734
0.00100584 0.00192497 -0.999998 133.902 131.541 0 130.782 133.106 2.63961
-0.00809451 -0.016143 -0.999837 133.902 131.541 0 130.432 133.342 2.64999
-0.0134753 -0.026836 -0.999549 133.902 131.541 0 130.049 133.57 2.66209
-0.0147423 -0.0293643 -0.99946 133.902 131.541 0 129.659 133.775 2.66067
-0.0140491 -0.0279949 -0.999509 133.902 131.541 0 129.288 133.957 2.65857
-0.0113289 -0.0255031 -0.999611 129.06 133.979 0 128.888 134.136 2.63753
-0.0113099 -0.025462 -0.999612 129.06 133.979 0 128.496 134.309 2.60285
-0.00916788 -0.020659 -0.999744 129.06 133.979 0 128.129 134.456 2.56082
-0.0070047 -0.015794 -0.999851 129.06 133.979 0 127.751 134.609 2.51346
-0.00760881 -0.0171656 -0.999824 129.06 133.979 0 127.39 134.771 2.4592
-0.00806275 -0.0181943 -0.999802 129.06 133.979 0 127.064 134.918 2.40395
-0.0105004 -0.0236883 -0.999664 129.06 133.979 0 126.736 135.079 2.34971
-0.0171531 -0.0386648 -0.999105 129.06 133.979 0 126.432 135.254 2.30147
-0.0253374 -0.0570928 -0.998047 129.06 133.979 0 126.162 135.421 2.25183
-0.0339159 -0.0764092 -0.996499 129.06 133.979 0 125.882 135.594 2.20352
-0.0413502 -0.0931512 -0.994793 129.06 133.979 0 125.62 135.75 2.16126
-0.0473913 -0.106745 -0.993156 129.06 133.979 0 125.38 135.888 2.12456
-0.0546364 -0.123056 -0.990895 129.06 133.979 0 125.135 136.035 2.09517
-0.0635511 -0.143133 -0.987661 129.06 133.979 0 124.902 136.185 2.06537
-0.0714865 -0.160999 -0.984362 129.06 133.979 0 124.683 136.324 2.04145
-0.0790228 -0.177964 -0.980859 129.06 133.979 0 124.468 136.458 2.01756
-0.0755422 -0.194942 -0.977901 124.117 136.175 0 124.243 136.583 1.9883
-0.0796441 -0.205524 -0.975406 124.117 136.175 0 124.019 136.691 1.972
-0.0813851 -0.210029 -0.974302 124.117 136.175 0 123.767 136.797 1.95796
-0.0813082 -0.209832 -0.974351 124.117 136.175 0 123.516 136.893 1.9567
-0.0782558 -0.20197 -0.97626 124.117 136.175 0 123.226 136.985 1.95211
-0.0709197 -0.183046 -0.980543 124.117 136.175 0 122.918 137.06 1.95527
-0.0594522 -0.153467 -0.986364 124.117 136.175 0 122.617 137.109 1.96437
-0.0446279 -0.115224 -0.992337 124.117 136.175 0 122.281 137.149 1.96382
-0.0303308 -0.078342 -0.996465 124.117 136.175 0 121.948 137.193 1.95733
-0.0143332 -0.0370715 -0.99921 124.117 136.175 0 121.614 137.229 1.95728
0.00302807 0.00772198 -0.999966 124.117 136.175 0 121.246 137.271 1.96015
0.0202745 0.0522143 -0.99843 124.117 136.175 0 120.866 137.317 1.96423
0.0351437 0.0905692 -0.99527 124.117 136.175 0 120.508 137.368 1.96705
0.0518829 0.133746 -0.989657 124.117 136.175 0 120.109 137.421 1.97905
0.0671772 0.173216 -0.98259 124.117 136.175 0 119.71 137.479 1.99731
0.0818565 0.211081 -0.974035 124.117 136.175 0 119.314 137.532 2.02694
0.0832499 0.250264 -0.964592 119.087 138.125 0 118.891 137.597 2.05865
0.0896097 0.269371 -0.958858 119.087 138.125 0 118.464 137.68 2.09065
0.0938822 0.2822 -0.954751 119.087 138.125 0 118.069 137.768 2.12026
0.0973182 0.292521 -0.951294 119.087 138.125 0 117.661 137.865 2.15083
0.100272 0.301386 -0.948215 119.087 138.125 0 117.25 137.966 2.18158
0.10357 0.311291 -0.944654 119.087 138.125 0 116.864 138.057 2.20508
0.10658 0.320329 -0.941292 119.087 138.125 0 116.449 138.159 2.23079
0.109288 0.328458 -0.938175 119.087 138.125 0 116.028 138.261 2.26779
0.110313 0.331525 -0.936975 119.087 138.125 0 115.64 138.367 2.30224
0.111034 0.333684 -0.936123 119.087 138.125 0 115.233 138.483 2.33274
0.112045 0.336712 -0.934917 119.087 138.125 0 114.829 138.6 2.35263
0.112578 0.338307 -0.934278 119.087 138.125 0 114.431 138.722 2.36699
0.114216 0.343222 -0.932284 119.087 138.125 0 114.059 138.829 2.36949
0.0993692 0.35566 -0.929318 113.98 139.824 0 113.669 138.933 2.36865
0.10007 0.358153 -0.928285 113.98 139.824 0 113.305 139.03 2.36142
0.100477 0.359605 -0.927679 113.98 139.824 0 112.926 139.14 2.34102
0.100364 0.359188 -0.927853 113.98 139.824 0 112.542 139.258 2.31686
0.100459 0.359504 -0.92772 113.98 139.824 0 112.179 139.371 2.28721
0.100058 0.358055 -0.928324 113.98 139.824 0 111.795 139.498 2.2506
0.0994787 0.35597 -0.929187 113.98 139.824 0 111.424 139.627 2.20459
0.0990684 0.354488 -0.929798 113.98 139.824 0 111.063 139.749 2.16383
0.0989417 0.354017 -0.929991 113.98 139.824 0 110.672 139.877 2.1223
0.0987202 0.3532 -0.930325 113.98 139.824 0 110.276 140.002 2.09217
0.098577 0.352669 -0.930541 113.98 139.824 0 109.902 140.117 2.07056
0.0988939 0.353794 -0.93008 113.98 139.824 0 109.509 140.233 2.04719
0.0986691 0.352977 -0.930415 113.98 139.824 0 109.115 140.351 2.03425
0.0981692 0.351164 -0.931154 113.98 139.824 0 108.742 140.464 2.02481
0.0779873 0.342859 -0.936144 108.81 141.268 0 108.352 140.597 2.01352
0.0739934 0.325284 -0.942717 108.81 141.268 0 107.976 140.732 2.00189
0.0716469 0.314943 -0.946403 108.81 141.268 0 107.619 140.843 1.98927
0.0689622 0.303126 -0.950452 108.81 141.268 0 107.261 140.956 1.98208
0.0665734 0.292609 -0.953912 108.81 141.268 0 106.913 141.063 1.97464
0.0645263 0.283582 -0.956775 108.81 141.268 0 106.597 141.155 1.97756
0.0618986 0.272025 -0.960297 108.81 141.268 0 106.268 141.252 1.99489
0.0585307 0.257202 -0.964584 108.81 141.268 0 105.977 141.348 2.01272
0.0541696 0.238004 -0.969752 108.81 141.268 0 105.704 141.452 2.0247
0.0498557 0.219035 -0.974442 108.81 141.268 0 105.455 141.549 2.0386
0.0450916 0.19808 -0.979148 108.81 141.268 0 105.234 141.645 2.05381
0.0393535 0.172836 -0.984164 108.81 141.268 0 105.016 141.747 2.08085
0.0333249 0.146318 -0.988676 108.81 141.268 0 104.826 141.847 2.10095
0.0290959 0.127712 -0.991385 108.81 141.268 0 104.665 141.928 2.08589
0.0274253 0.120369 -0.99235 108.81 141.268 0 104.535 141.977 2.06383
0.0283163 0.124269 -0.991844 108.81 141.268 0 104.425 141.996 2.04383
0.0308797 0.135532 -0.990292 108.81 141.268 0 104.349 141.993 2.01632
0.0328632 0.144247 -0.988996 108.81 141.268 0 104.344 141.979 1.98513
-0.896624 0.440951 0.0403455 103.591 142.455 0 104.458 142.029 -0.0390539
-0.920865 0.382397 0.0760301 103.591 142.455 0 104.493 142.081 -0.0745229
-0.928279 0.356313 0.10648 103.591 142.455 0 104.438 142.13 -0.0972356
-0.931775 0.338244 0.131857 103.591 142.455 0 104.337 142.184 -0.105624
-0.93899 0.292752 0.180539 103.591 142.455 0 104.185 142.27 -0.114257
-0.950954 0.196962 0.238522 103.591 142.455 0 104.002 142.37 -0.103091
-0.908912 -0.183958 0.374218 103.591 142.455 0 103.811 142.5 -0.0907926
-0.280473 -0.896922 0.341856 103.591 142.455 0 103.645 142.631 -0.0669164
-0.172672 -0.978297 0.114537 103.591 142.455 0 103.471 142.778 -0.0342055
-0.173819 -0.984762 -0.00546498 103.591 142.455 0 103.269 142.948 0.00234307
-0.172308 -0.976305 -0.130913 103.591 142.455 0 103.038 143.113 0.0728272
-0.169131 -0.958285 -0.2304 103.591 142.455 0 102.796 143.28 0.159547
-0.167459 -0.948827 -0.26774 103.591 142.455 0 102.561 143.451 0.222653
-0.16716 -0.947156 -0.273777 103.591 142.455 0 102.345 143.631 0.267991
-0.167477 -0.948946 -0.267307 103.591 142.455 0 102.12 143.84 0.307229
-0.167713 -0.950277 -0.262386 103.591 142.455 0 101.896 144.021 0.339036
-0.167995 -0.951886 -0.256304 103.591 142.455 0 101.639 144.21 0.368111
-0.167828 -0.950954 -0.259847 103.591 142.455 0 101.36 144.36 0.400376
-0.167815 -0.950888 -0.260095 103.591 142.455 0 101.086 144.472 0.417542
-0.167523 -0.949254 -0.266181 103.591 142.455 0 100.789 144.562 0.438313
-0.167504 -0.949177 -0.26647 103.591 142.455 0 100.478 144.62 0.439763
-0.167174 -0.94734 -0.273129 103.591 142.455 0 100.161 144.643 0.442467
-0.166581 -0.944012 -0.284767 103.591 142.455 0 99.7981 144.647 0.445355
-0.16512 -0.935789 -0.311502 103.591 142.455 0 99.4274 144.649 0.470982
-0.162471 -0.920811 -0.354557 103.591 142.455 0 99.0635 144.639 0.516915
-0.159026 -0.901362 -0.402811 103.591 142.455 0 98.6711 144.632 0.567097
-0.111883 -0.885591 -0.450789 98.3343 143.383 0 98.2812 144.621 0.617005
-0.108839 -0.861536 -0.495893 98.3343 143.383 0 97.9196 144.618 0.669709
-0.104323 -0.825847 -0.55416 98.3343 143.383 0 97.5333 144.594 0.732812
-0.0985653 -0.78031 -0.617576 98.3343 143.383 0 97.142 144.565 0.803284
-0.0922117 -0.730087 -0.677105 98.3343 143.383 0 96.7708 144.535 0.870641
-0.0834518 -0.660815 -0.745895 98.3343 143.383 0 96.3791 144.489 0.954072
-0.0734753 -0.581906 -0.80993 98.3343 143.383 0 95.9723 144.445 1.04587
-0.0619791 -0.490973 -0.868967 98.3343 143.383 0 95.5887 144.385 1.14037
-0.0481832 -0.381805 -0.922986 98.3343 143.383 0 95.1652 144.307 1.24649
-0.0342554 -0.271615 -0.961796 98.3343 143.383 0 94.7671 144.219 1.34182
-0.0126594 -0.100727 -0.994834 98.3343 143.383 0 94.1867 144.061 1.49408
-0.00200664 -0.0164232 -0.999863 98.3343 143.383 0 93.898 143.97 1.56624
0.010935 0.0859992 -0.996235 98.3343 143.383 0 93.4777 143.851 1.66262
0.0224444 0.1771 -0.983937 98.3343 143.383 0 93.0363 143.731 1.76128
0.0191682 0.250011 -0.968053 93.0546 144.05 0 92.5905 143.6 1.87221
0.0230035 0.299963 -0.953673 93.0546 144.05 0 92.1874 143.49 1.98255
0.0261941 0.341532 -0.939505 93.0546 144.05 0 91.7795 143.387 2.08052
0.0285645 0.372448 -0.927613 93.0546 144.05 0 91.3855 143.302 2.16988
0.0299092 0.389935 -0.920356 93.0546 144.05 0 91.0377 143.247 2.24651
0.0307602 0.400992 -0.915565 93.0546 144.05 0 90.6903 143.211 2.31673
0.0310286 0.404466 -0.914027 93.0546 144.05 0 90.3668 143.198 2.37756
0.0305546 0.398251 -0.916767 93.0546 144.05 0 90.0733 143.213 2.43999
0.0297254 0.387413 -0.921427 93.0546 144.05 0 89.8147 143.245 2.49172
0.0284878 0.371245 -0.928098 93.0546 144.05 0 89.5676 143.295 2.54173
0.0272404 0.354959 -0.934485 93.0546 144.05 0 89.348 143.348 2.5822
0.0255456 0.332851 -0.942633 93.0546 144.05 0 89.1281 143.424 2.61114
0.0237799 0.309758 -0.950518 93.0546 144.05 0 88.9209 143.504 2.63271
0.0221031 0.287864 -0.957416 93.0546 144.05 0 88.7335 143.58 2.65172
0.0204186 0.265881 -0.963789 93.0546 144.05 0 88.5306 143.655 2.67281
0.0187214 0.243714 -0.969666 93.0546 144.05 0 88.3303 143.734 2.68236
0.0171503 0.223213 -0.974619 93.0546 144.05 0 88.1401 143.807 2.6907
0.0153315 0.199432 -0.979792 93.0546 144.05 0 87.9373 143.891 2.69529
0.00476349 0.175191 -0.984523 87.7648 144.456 0 87.7444 143.975 2.7043
0.00407307 0.149652 -0.98873 87.7648 144.456 0 87.5672 144.05 2.71136
0.00341964 0.125626 -0.992072 87.7648 144.456 0 87.3694 144.122 2.7158
0.00283603 0.104114 -0.994561 87.7648 144.456 0 87.188 144.186 2.7237
0.0023327 0.0855341 -0.996332 87.7648 144.456 0 87.0217 144.242 2.72422
0.00186325 0.0682078 -0.997669 87.7648 144.456 0 86.8363 144.294 2.73295
0.00136207 0.0497128 -0.998763 87.7648 144.456 0 86.655 144.349 2.74125
0.000911073 0.03307 -0.999453 87.7648 144.456 0 86.485 144.399 2.75356
0.000485149 0.0174323 -0.999848 87.7648 144.456 0 86.3049 144.447 2.76734
9.01394e-005 0.0028189 -0.999996 87.7648 144.456 0 86.1161 144.493 2.79311
-0.000232761 -0.0090939 -0.999959 87.7648 144.456 0 85.9281 144.531 2.81878
-0.000563182 -0.0212728 -0.999774 87.7648 144.456 0 85.7204 144.572 2.85776
-0.000855158 -0.0321592 -0.999482 87.7648 144.456 0 85.5025 144.611 2.89803
-0.00100275 -0.037602 -0.999292 87.7648 144.456 0 85.2925 144.634 2.94238
-0.652656 -0.0150083 -0.757506 82.4782 144.6 0 85.0627 144.659 2.99973
-0.607196 -0.0193257 -0.794317 82.4782 144.6 0 84.8129 144.674 3.05427
-0.530504 -0.0151268 -0.847548 82.4782 144.6 0 84.4287 144.655 3.11627
-0.417218 -0.00223676 -0.908804 82.4782 144.6 0 83.961 144.608 3.23004
-0.269968 0.0185047 -0.962691 82.4782 144.6 0 83.4278 144.534 3.38646
-0.11457 0.0473743 -0.992285 82.4782 144.6 0 82.8888 144.43 3.55625
0.0490748 0.0796642 -0.995613 82.4782 144.6 0 82.2941 144.301 3.73521
0.189606 0.104647 -0.976268 82.4782 144.6 0 81.7229 144.183 3.88891
0.290089 0.124767 -0.948832 82.4782 144.6 0 81.251 144.072 4.01385
0.362194 0.136451 -0.922061 82.4782 144.6 0 80.8606 143.99 4.11794
0.407147 0.142544 -0.902171 82.4782 144.6 0 80.5925 143.939 4.17828
0.431519 0.143815 -0.890567 82.4782 144.6 0 80.4426 143.921 4.2009
0.439018 0.143886 -0.886882 82.4782 144.6 0 80.4081 143.921 4.18183
0.435746 0.142159 -0.888772 82.4782 144.6 0 80.4485 143.937 4.13977
0.426063 0.139282 -0.893908 82.4782 144.6 0 80.5415 143.966 4.06323
0.41097 0.137111 -0.901279 82.4782 144.6 0 80.6733 143.997 3.95808
0.392311 0.135133 -0.909852 82.4782 144.6 0 80.82 144.028 3.84567
0.375562 0.136972 -0.91662 82.4782 144.6 0 80.952 144.043 3.72495
0.365139 0.147172 -0.919246 82.4782 144.6 0 81.0467 144.023 3.60367
0.362048 0.162553 -0.917877 82.4782 144.6 0 81.0988 143.98 3.49709
0.363779 0.178942 -0.914136 82.4782 144.6 0 81.1218 143.932 3.40846
0.364713 0.194119 -0.91066 82.4782 144.6 0 81.1449 143.89 3.32916
0.366103 0.201915 -0.908405 82.4782 144.6 0 81.1644 143.875 3.25977
0.366747 0.204725 -0.907515 82.4782 144.6 0 81.1831 143.877 3.20471
0.368961 0.202455 -0.907127 82.4782 144.6 0 81.1907 143.893 3.16548
0.373406 0.19739 -0.906424 82.4782 144.6 0 81.1835 143.915 3.14267
0.377304 0.188673 -0.906667 82.4782 144.6 0 81.1758 143.948 3.12948
0.382936 0.176518 -0.906753 82.4782 144.6 0 81.1574 143.991 3.12739
0.392152 0.160577 -0.905777 82.4782 144.6 0 81.1219 144.044 3.13255
0.397327 0.14898 -0.905503 82.4782 144.6 0 81.1002 144.083 3.14047
0.406595 0.136305 -0.903383 82.4782 144.6 0 81.0576 144.123 3.15616
0.415354 0.127722 -0.900649 82.4782 144.6 0 81.0131 144.149 3.17687
0.423892 0.121636 -0.897508 82.4782 144.6 0 80.9655 144.166 3.2027
0.431645 0.116418 -0.894499 82.4782 144.6 0 80.9229 144.18 3.22306
0.434763 0.112156 -0.893534 82.4782 144.6 0 80.9015 144.193 3.24032
0.43466 0.111328 -0.893687 82.4782 144.6 0 80.8973 144.195 3.2504
0.432469 0.110174 -0.894893 82.4782 144.6 0 80.9032 144.198 3.25901
0.430275 0.111326 -0.895807 82.4782 144.6 0 80.9062 144.193 3.27278
0.428456 0.114078 -0.896332 82.4782 144.6 0 80.9094 144.182 3.28177
0.424183 0.11489 -0.898259 82.4782 144.6 0 80.9226 144.178 3.2941
0.419621 0.11491 -0.900397 82.4782 144.6 0 80.9397 144.178 3.30113
0.415973 0.115833 -0.90197 82.4782 144.6 0 80.9522 144.175 3.30884
0.412042 0.118249 -0.903459 82.4782 144.6 0 80.9656 144.165 3.31641
0.408122 0.12151 -0.904805 82.4782 144.6 0 80.9834 144.155 3.31391
0.405118 0.125688 -0.905584 82.4782 144.6 0 80.9965 144.14 3.31205
0.400534 0.129717 -0.907053 82.4782 144.6 0 81.0191 144.127 3.30411
0.394331 0.132725 -0.909333 82.4782 144.6 0 81.0471 144.118 3.30017
0.386755 0.137281 -0.911907 82.4782 144.6 0 81.0848 144.105 3.28533
0.377373 0.141768 -0.915145 82.4782 144.6 0 81.1321 144.094 3.26436
0.367458 0.14789 -0.918207 82.4782 144.6 0 81.1803 144.077 3.24323
0.34398 0.162834 -0.92475 82.4782 144.6 0 81.2919 144.038 3.18912
0.32534 0.173568 -0.929531 82.4782 144.6 0 81.3727 144.01 3.15838
0.305461 0.18387 -0.934284 82.4782 144.6 0 81.4574 143.985 3.12219
0.284083 0.197781 -0.938179 82.4782 144.6 0 81.5438 143.949 3.08565
0.262772 0.210676 -0.941577 82.4782 144.6 0 81.6285 143.918 3.04442
0.241118 0.22261 -0.94462 82.4782 144.6 0 81.709 143.889 3.01336
0.225574 0.232194 -0.946151 82.4782 144.6 0 81.764 143.864 2.99563
0.212392 0.238031 -0.947751 82.4782 144.6 0 81.8083 143.849 2.98914
0.204081 0.241685 -0.948651 82.4782 144.6 0 81.836 143.839 2.98508
0.199429 0.242169 -0.949517 82.4782 144.6 0 81.8517 143.839 2.98278
0.20024 0.242808 -0.949183 82.4782 144.6 0 81.8478 143.835 2.98821
0.203074 0.241016 -0.949037 82.4782 144.6 0 81.8374 143.839 2.99458
0.210498 0.238747 -0.947993 82.4782 144.6 0 81.8113 143.843 3.00324
0.217334 0.236163 -0.947097 82.4782 144.6 0 81.7859 143.847 3.01663
0.222824 0.23264 -0.946693 82.4782 144.6 0 81.7651 143.855 3.02935
0.224872 0.228586 -0.947196 82.4782 144.6 0 81.7552 143.865 3.04532
0.226157 0.223911 -0.948007 82.4782 144.6 0 81.7492 143.878 3.05587
0.223705 0.220375 -0.949416 82.4782 144.6 0 81.7549 143.887 3.06955
0.218406 0.21659 -0.951518 82.4782 144.6 0 81.7708 143.898 3.08178
0.210247 0.212524 -0.954269 82.4782 144.6 0 81.7968 143.911 3.09255
0.203348 0.209429 -0.956446 82.4782 144.6 0 81.8182 143.92 3.10401
0.197877 0.209261 -0.95763 82.4782 144.6 0 81.8353 143.92 3.11125
0.191939 0.208807 -0.958936 82.4782 144.6 0 81.853 143.919 3.12325
0.187895 0.211568 -0.959132 82.4782 144.6 0 81.8657 143.91 3.12628
0.181395 0.21432 -0.959772 82.4782 144.6 0 81.8879 143.902 3.12312
0.175717 0.217754 -0.960056 82.4782 144.6 0 81.9061 143.891 3.12537
0.169593 0.220877 -0.960443 82.4782 144.6 0 81.9251 143.879 3.13238
0.160641 0.225659 -0.960871 82.4782 144.6 0 81.9544 143.864 3.13307
0.151674 0.230426 -0.961196 82.4782 144.6 0 81.9837 143.848 3.13376
0.141438 0.236186 -0.961359 82.4782 144.6 0 82.0178 143.831 3.1289
0.133821 0.24388 -0.960528 82.4782 144.6 0 82.0427 143.806 3.12536
0.127848 0.250877 -0.959539 82.4782 144.6 0 82.0621 143.783 3.12261
0.12659 0.259436 -0.957428 82.4782 144.6 0 82.066 143.755 3.11717
0.12399 0.267024 -0.95568 82.4782 144.6 0 82.0745 143.73 3.11109
0.123057 0.273908 -0.953851 82.4782 144.6 0 82.0775 143.708 3.10579
0.124162 0.280475 -0.951797 82.4782 144.6 0 82.0742 143.687 3.09651
0.12226 0.286801 -0.950157 82.4782 144.6 0 82.0811 143.668 3.08577
0.125801 0.293478 -0.947652 82.4782 144.6 0 82.0709 143.65 3.06773
0.124945 0.297012 -0.946664 82.4782 144.6 0 82.0753 143.642 3.05247
0.123698 0.300153 -0.945837 82.4782 144.6 0 82.0803 143.634 3.04199
0.118749 0.300956 -0.946216 82.4782 144.6 0 82.0986 143.638 3.02472
0.115116 0.302699 -0.946109 82.4782 144.6 0 82.1122 143.637 3.00811
0.111448 0.304457 -0.945984 82.4782 144.6 0 82.1257 143.637 2.99149
0.108715 0.304654 -0.946238 82.4782 144.6 0 82.1352 143.638 2.98523
0.103216 0.305047 -0.946728 82.4782 144.6 0 82.1541 143.642 2.9727
0.102185 0.304529 -0.947006 82.4782 144.6 0 82.158 143.645 2.96724
0.102522 0.302868 -0.947502 82.4782 144.6 0 82.1571 143.651 2.96737
0.103889 0.301729 -0.947717 82.4782 144.6 0 82.1523 143.653 2.97297
0.10352 0.3013 -0.947893 82.4782 144.6 0 82.153 143.653 2.97775
0.105903 0.300687 -0.947825 82.4782 144.6 0 82.1442 143.651 2.9888
0.107898 0.299655 -0.947927 82.4782 144.6 0 82.1362 143.65 3.00463
0.109506 0.298216 -0.948196 82.4782 144.6 0 82.1288 143.648 3.02524
0.111464 0.297206 -0.948285 82.4782 144.6 0 82.1207 143.646 3.04105
0.114057 0.298339 -0.947621 82.4782 144.6 0 82.1096 143.635 3.06218
0.112991 0.299127 -0.9475 82.4782 144.6 0 82.1119 143.63 3.07161
0.111936 0.299917 -0.947375 82.4782 144.6 0 82.1141 143.624 3.08105
0.112227 0.301603 -0.946805 82.4782 144.6 0 82.1118 143.615 3.09115
0.108194 0.307398 -0.94541 82.4782 144.6 0 82.1229 143.59 3.1042
0.105863 0.30924 -0.945073 82.4782 144.6 0 82.13 143.583 3.10807
0.103887 0.311493 -0.944552 82.4782 144.6 0 82.1364 143.575 3.10716
0.0999098 0.313994 -0.944154 82.4782 144.6 0 82.149 143.565 3.11025
0.0929655 0.318259 -0.943435 82.4782 144.6 0 82.172 143.551 3.10698
% Time used: 39.061 seconds.
