%Epsilons: 1) 1, 2) 5.5, 3) 10
%Fx Fy Fz Xd Yd Zd Xr Yr Zr
%
190.208 -1.1951 0 190.22 -1.2038 -0.0105932
190.208 -1.1951 0 190.231 -1.21251 -0.0166967
190.208 -1.1951 0 190.242 -1.22122 -0.0228059
190.208 -1.1951 0 190.253 -1.22993 -0.028919
190.208 -1.1951 0 190.259 -1.23992 -0.0371072
190.208 -1.1951 0 190.268 -1.24864 -0.0387304
190.208 -1.1951 0 190.273 -1.25864 -0.0469244
190.208 -1.1951 0 190.286 -1.27735 -0.0522554
190.208 -1.1951 0 190.297 -1.28608 -0.0583933
190.208 -1.1951 0 190.314 -1.29917 -0.0676115
190.208 -1.1951 0 190.326 -1.30226 -0.0731294
190.208 -1.1951 0 190.336 -1.31099 -0.0747774
190.208 -1.1951 0 190.35 -1.31844 -0.0743807
190.208 -1.1951 0 190.369 -1.33027 -0.0725534
190.208 -1.1951 0 190.389 -1.3421 -0.0752466
190.208 -1.1951 0 190.405 -1.34956 -0.0793703
190.208 -1.1951 0 190.419 -1.35265 -0.0894411
190.208 -1.1951 0 190.434 -1.35008 -0.0943735
190.208 -1.1951 0 190.446 -1.35317 -0.0999391
190.208 -1.1951 0 190.452 -1.35754 -0.10304
190.208 -1.1951 0 190.457 -1.36192 -0.106144
190.208 -1.1951 0 190.468 -1.37067 -0.11235
190.208 -1.1951 0 190.468 -1.37067 -0.11235
190.208 -1.1951 0 190.466 -1.36629 -0.11829
190.208 -1.1951 0 190.469 -1.36063 -0.122177
190.208 -1.1951 0 190.469 -1.34056 -0.132791
190.208 -1.1951 0 190.464 -1.31613 -0.144821
190.208 -1.1951 0 190.454 -1.28735 -0.153753
190.208 -1.1951 0 190.433 -1.24549 -0.166937
190.208 -1.1951 0 190.415 -1.18673 -0.173755
190.208 -1.1951 0 190.387 -1.11933 -0.17894
190.208 -1.1951 0 190.358 -1.04074 -0.169422
190.208 -1.1951 0 190.306 -0.940627 -0.158151
190.208 -1.1951 0 190.241 -0.827789 -0.146887
190.208 -1.1951 0 190.157 -0.709295 -0.142868
190.208 -1.1951 0 190.055 -0.569778 -0.150923
190.208 -1.1951 0 189.94 -0.408174 -0.169081
190.208 -1.1951 0 189.831 -0.230577 -0.190353
190.208 -1.1951 0 189.709 -0.0258572 -0.216892
190.208 -1.1951 0 189.583 0.202739 -0.249735
190.208 -1.1951 0 189.457 0.445191 -0.288029
190.208 -1.1951 0 189.327 0.721892 -0.322996
190.208 -1.1951 0 189.186 1.02543 -0.361912
190.208 -1.1951 0 189.048 1.32275 -0.400312
190.208 -1.1951 0 188.887 1.64875 -0.442301
190.208 -1.1951 0 188.728 1.98291 -0.48891
190.208 -1.1951 0 188.58 2.2972 -0.540998
190.208 -1.1951 0 188.414 2.62975 -0.600214
190.208 -1.1951 0 188.254 2.95708 -0.656925
190.208 -1.1951 0 188.094 3.26719 -0.713968
190.208 -1.1951 0 187.936 3.59048 -0.775114
190.208 -1.1951 0 187.786 3.90888 -0.83782
190.208 -1.1951 0 187.655 4.21172 -0.888548
190.208 -1.1951 0 187.532 4.52435 -0.945837
190.208 -1.1951 0 187.42 4.82924 -0.9986
190.208 -1.1951 0 187.32 5.11115 -1.056
190.208 -1.1951 0 187.227 5.39813 -1.11591
190.208 -1.1951 0 187.143 5.67648 -1.18131
190.208 -1.1951 0 187.073 5.92765 -1.25525
190.208 -1.1951 0 187.01 6.17411 -1.3402
190.208 -1.1951 0 186.963 6.40945 -1.42849
190.208 -1.1951 0 186.927 6.6135 -1.5169
190.208 -1.1951 0 186.905 6.82054 -1.61386
190.208 -1.1951 0 186.898 7.00393 -1.70045
190.208 -1.1951 0 186.897 7.18684 -1.80773
190.208 -1.1951 0 186.912 7.35481 -1.91842
190.208 -1.1951 0 186.94 7.50298 -2.02866
190.208 -1.1951 0 186.998 7.64578 -2.1467
190.208 -1.1951 0 187.055 7.77333 -2.26978
190.208 -1.1951 0 187.114 7.87745 -2.39223
190.208 -1.1951 0 187.184 7.95817 -2.53875
190.208 -1.1951 0 187.272 8.01452 -2.69779
190.208 -1.1951 0 187.36 8.05259 -2.84797
190.208 -1.1951 0 187.46 8.09493 -3.0036
190.208 -1.1951 0 187.559 8.14251 -3.15565
190.208 -1.1951 0 187.643 8.19111 -3.2991
190.208 -1.1951 0 187.717 8.2407 -3.45045
190.208 -1.1951 0 187.787 8.28522 -3.58981
190.208 -1.1951 0 187.848 8.3225 -3.72709
190.208 -1.1951 0 187.92 8.36197 -3.87999
190.208 -1.1951 0 187.994 8.40664 -4.04166
190.208 -1.1951 0 188.078 8.45056 -4.20511
190.208 -1.1951 0 188.175 8.50707 -4.39294
190.208 -1.1951 0 188.287 8.56292 -4.60003
190.208 -1.1951 0 188.427 8.60924 -4.81852
190.208 -1.1951 0 188.608 8.64833 -5.07784
190.208 -1.1951 0 188.821 8.68844 -5.36329
190.208 -1.1951 0 189.041 8.72821 -5.64503
190.208 -1.1951 0 189.278 8.76994 -5.94389
190.208 -1.1951 0 189.502 8.82339 -6.24421
190.208 -1.1951 0 189.693 8.88699 -6.53117
190.208 -1.1951 0 189.874 8.96235 -6.83173
190.208 -1.1951 0 190.027 9.03946 -7.11657
190.208 -1.1951 0 190.172 9.12826 -7.42771
190.208 -1.1951 0 190.264 9.19244 -7.65215
190.208 -1.1951 0 190.364 9.27821 -7.91789
190.208 -1.1951 0 190.436 9.36528 -8.16557
190.208 -1.1951 0 190.503 9.48223 -8.41457
190.208 -1.1951 0 190.558 9.62126 -8.66114
190.208 -1.1951 0 190.602 9.76865 -8.88173
190.208 -1.1951 0 190.661 9.93435 -9.10955
190.208 -1.1951 0 190.723 10.1028 -9.3282
190.208 -1.1951 0 190.779 10.2661 -9.52472
190.208 -1.1951 0 190.851 10.4536 -9.72895
190.208 -1.1951 0 190.926 10.6495 -9.92418
190.208 -1.1951 0 190.991 10.8378 -10.1024
190.208 -1.1951 0 191.053 11.0374 -10.2675
190.208 -1.1951 0 191.106 11.2456 -10.4199
190.208 -1.1951 0 191.14 11.4406 -10.5513
190.208 -1.1951 0 191.166 11.6493 -10.6743
190.208 -1.1951 0 191.167 11.8469 -10.7717
190.208 -1.1951 0 191.155 12.0659 -10.8564
190.208 -1.1951 0 191.13 12.2845 -10.9282
190.208 -1.1951 0 191.086 12.4833 -10.9784
190.208 -1.1951 0 191.035 12.6949 -11.029
190.208 -1.1951 0 190.983 12.9005 -11.0705
190.208 -1.1951 0 190.939 13.0953 -11.0972
190.208 -1.1951 0 190.888 13.2975 -11.1153
190.208 -1.1951 0 190.84 13.4968 -11.1239
190.208 -1.1951 0 190.801 13.6909 -11.1225
190.208 -1.1951 0 190.765 13.8526 -11.1347
190.208 -1.1951 0 190.709 13.9911 -11.1531
190.208 -1.1951 0 190.665 14.0979 -11.175
190.208 -1.1951 0 190.643 14.1795 -11.1768
190.208 -1.1951 0 190.656 14.2047 -11.1575
190.208 -1.1951 0 190.703 14.2753 -0.0559778
190.208 -1.1951 0 190.747 14.3598 -0.130242
190.208 -1.1951 0 190.789 14.453 -0.220875
190.208 -1.1951 0 190.845 14.5563 -0.336981
190.208 -1.1951 0 190.894 14.6631 -0.459031
190.208 -1.1951 0 190.913 14.7755 -0.58353
190.208 -1.1951 0 190.929 14.8927 -0.710151
190.208 -1.1951 0 190.936 15.0336 -0.859079
190.208 -1.1951 0 190.937 15.1959 -1.01244
190.208 -1.1951 0 190.939 15.4113 -1.2001
190.208 -1.1951 0 190.938 15.646 -1.40489
190.208 -1.1951 0 190.946 15.8828 -1.60728
190.208 -1.1951 0 190.964 16.1366 -1.82203
190.208 -1.1951 0 190.986 16.4008 -2.04661
190.208 -1.1951 0 191.013 16.6604 -2.2664
190.208 -1.1951 0 191.051 16.9481 -2.50385
190.208 -1.1951 0 191.097 17.2521 -2.75444
190.208 -1.1951 0 191.129 17.5499 -2.9869
190.208 -1.1951 0 191.159 17.8671 -3.23402
190.208 -1.1951 0 191.175 18.1794 -3.45518
190.208 -1.1951 0 191.193 18.5171 -3.69422
190.208 -1.1951 0 191.195 18.8671 -3.93675
190.208 -1.1951 0 191.195 19.2073 -4.15997
190.208 -1.1951 0 191.187 19.5831 -4.39392
190.208 -1.1951 0 191.17 19.9719 -4.63272
190.208 -1.1951 0 191.146 20.3489 -4.85584
190.208 -1.1951 0 191.112 20.7648 -5.09705
190.208 -1.1951 0 191.069 21.1883 -5.33707
190.208 -1.1951 0 191.024 21.6208 -5.57704
190.208 -1.1951 0 190.976 22.0304 -5.80458
190.208 -1.1951 0 190.932 22.4596 -6.04631
190.208 -1.1951 0 190.893 22.8577 -6.27073
190.208 -1.1951 0 190.849 23.2838 -6.50983
190.208 -1.1951 0 190.803 23.7022 -6.74849
190.208 -1.1951 0 190.77 24.0922 -6.97048
190.208 -1.1951 0 190.727 24.5036 -7.20396
190.208 -1.1951 0 190.679 24.9196 -7.42682
190.208 -1.1951 0 190.627 25.3082 -7.63285
190.208 -1.1951 0 190.569 25.7195 -7.84757
190.208 -1.1951 0 190.508 26.1196 -8.05067
190.208 -1.1951 0 190.447 26.4716 -8.24003
190.208 -1.1951 0 190.373 26.8285 -8.43128
190.208 -1.1951 0 190.298 27.1808 -8.60987
190.208 -1.1951 0 190.24 27.5197 -8.76542
190.208 -1.1951 0 190.176 27.9021 -8.93527
190.208 -1.1951 0 190.111 28.2954 -9.09868
190.208 -1.1951 0 190.047 28.667 -9.25534
190.208 -1.1951 0 189.992 29.067 -9.41709
190.208 -1.1951 0 189.948 29.4618 -9.56559
190.208 -1.1951 0 189.908 29.8324 -9.70464
190.208 -1.1951 0 189.883 30.2137 -9.8406
190.208 -1.1951 0 189.859 30.5921 -9.9687
190.208 -1.1951 0 189.855 30.9435 -10.0791
190.208 -1.1951 0 189.868 31.3099 -10.2017
190.208 -1.1951 0 189.893 31.6658 -10.3223
190.208 -1.1951 0 189.924 31.9914 -10.4222
190.208 -1.1951 0 189.971 32.3213 -10.5128
190.208 -1.1951 0 190.023 32.6335 -10.5998
190.208 -1.1951 0 190.081 32.9028 -10.6726
190.208 -1.1951 0 190.15 33.1604 -10.7277
190.208 -1.1951 0 190.217 33.3927 -10.773
190.208 -1.1951 0 190.275 33.5941 -10.7957
190.208 -1.1951 0 190.323 33.7845 -10.8021
190.208 -1.1951 0 190.357 33.9609 -10.799
190.208 -1.1951 0 190.369 34.0834 -10.8091
190.208 -1.1951 0 190.337 34.1203 -10.8273
190.208 -1.1951 0 190.308 34.0662 -10.8275
190.208 -1.1951 0 190.291 33.9325 -10.809
190.208 -1.1951 0 190.306 33.7731 -10.7726
190.208 -1.1951 0 190.333 33.5962 -10.7399
190.208 -1.1951 0 190.216 33.6174 0.277133
190.208 -1.1951 0 190.135 33.6581 0.532021
190.208 -1.1951 0 190.101 33.7122 0.752079
190.208 -1.1951 0 190.103 33.7476 0.930196
190.208 -1.1951 0 190.124 33.7732 1.0987
190.208 -1.1951 0 190.138 33.7592 1.2428
190.208 -1.1951 0 190.149 33.7054 1.39299
190.208 -1.1951 0 190.15 33.6335 1.5482
190.208 -1.1951 0 190.133 33.5708 1.73584
190.208 -1.1951 0 190.099 33.5431 1.90347
190.208 -1.1951 0 190.039 33.5609 2.08439
190.208 -1.1951 0 189.966 33.6256 2.24155
190.208 -1.1951 0 189.89 33.7298 2.42242
190.208 -1.1951 0 189.799 33.8578 2.61346
190.208 -1.1951 0 189.716 33.9862 2.79705
190.208 -1.1951 0 189.633 34.1311 3.00064
190.208 -1.1951 0 189.555 34.2949 3.20233
190.208 -1.1951 0 189.482 34.4562 3.38403
190.208 -1.1951 0 189.395 34.6599 3.57712
190.208 -1.1951 0 189.314 34.8809 3.75981
190.208 -1.1951 0 189.238 35.1075 3.93224
190.208 -1.1951 0 189.164 35.3679 4.11762
190.208 -1.1951 0 189.091 35.6339 4.29587
190.208 -1.1951 0 189.016 35.8921 4.46285
190.208 -1.1951 0 188.939 36.1591 4.63862
190.208 -1.1951 0 188.845 36.4284 4.8313
190.208 -1.1951 0 188.749 36.6766 5.03186
190.208 -1.1951 0 188.63 36.929 5.26068
190.208 -1.1951 0 188.501 37.1741 5.50817
190.208 -1.1951 0 188.353 37.3947 5.76137
190.208 -1.1951 0 188.185 37.6101 6.0479
190.208 -1.1951 0 188.017 37.8049 6.3394
190.208 -1.1951 0 187.872 37.9556 6.62476
190.208 -1.1951 0 187.725 38.078 6.93256
190.208 -1.1951 0 187.584 38.161 7.24204
190.208 -1.1951 0 187.459 38.2172 7.52737
190.208 -1.1951 0 187.35 38.2574 7.80641
190.208 -1.1951 0 187.267 38.2842 8.06215
190.208 -1.1951 0 187.208 38.2919 8.25892
190.208 -1.1951 0 187.174 38.288 8.44052
190.208 -1.1951 0 187.16 38.2708 8.58696
190.208 -1.1951 0 187.172 38.2474 8.69689
190.208 -1.1951 0 187.206 38.2175 8.7735
190.208 -1.1951 0 187.244 38.1818 8.811
190.208 -1.1951 0 187.288 38.1369 8.83544
190.208 -1.1951 0 187.333 38.0827 8.84999
190.208 -1.1951 0 187.358 38.0339 8.85599
190.208 -1.1951 0 187.373 37.9744 8.83533
190.208 -1.1951 0 187.396 37.8993 8.78107
190.208 -1.1951 0 187.426 37.8057 8.70382
190.208 -1.1951 0 187.489 37.6877 8.56676
190.208 -1.1951 0 187.57 37.5603 8.36796
190.208 -1.1951 0 187.672 37.4402 8.11588
190.208 -1.1951 0 187.797 37.3226 7.77131
190.208 -1.1951 0 187.967 37.2114 7.34879
190.208 -1.1951 0 188.165 37.1102 6.84719
190.208 -1.1951 0 188.382 37.0313 6.31067
190.208 -1.1951 0 188.624 36.9578 5.67068
190.208 -1.1951 0 188.886 36.901 5.01305
190.208 -1.1951 0 189.181 36.8415 4.27278
190.208 -1.1951 0 189.479 36.7922 3.51901
190.208 -1.1951 0 189.739 36.7546 2.81772
190.208 -1.1951 0 190.005 36.7347 2.08664
190.208 -1.1951 0 190.255 36.719 1.38902
190.208 -1.1951 0 190.465 36.7197 0.753853
190.208 -1.1951 0 190.669 36.7401 0.115923
190.208 -1.1951 0 190.848 36.7793 -0.480303
190.208 -1.1951 0 190.988 36.8352 -1.0279
190.208 -1.1951 0 191.117 36.9082 -1.57835
190.208 -1.1951 0 191.234 37.0007 -2.11585
190.208 -1.1951 0 191.34 37.0982 -2.58837
190.208 -1.1951 0 191.445 37.2167 -3.07736
190.208 -1.1951 0 191.544 37.35 -3.54353
190.208 -1.1951 0 191.627 37.4883 -3.96729
190.208 -1.1951 0 191.72 37.6396 -4.39129
190.208 -1.1951 0 191.809 37.793 -4.79989
190.208 -1.1951 0 191.887 37.9258 -5.1509
190.208 -1.1951 0 191.958 38.0702 -5.49139
190.208 -1.1951 0 192.021 38.1977 -5.78821
190.208 -1.1951 0 192.061 38.3118 -6.03617
190.208 -1.1951 0 192.092 38.4174 -6.25656
190.208 -1.1951 0 192.115 38.5147 -6.44938
190.208 -1.1951 0 192.14 38.5953 -6.60612
190.208 -1.1951 0 192.158 38.6688 -6.76804
190.208 -1.1951 0 192.177 38.7433 -6.92235
190.208 -1.1951 0 192.182 38.8177 -7.0614
190.208 -1.1951 0 192.18 38.9163 -7.21233
190.208 -1.1951 0 192.157 39.0389 -7.35996
190.208 -1.1951 0 192.122 39.1774 -7.49215
190.208 -1.1951 0 192.07 39.3532 -7.64369
190.208 -1.1951 0 192.02 39.5398 -7.79292
190.208 -1.1951 0 191.965 39.7449 -7.95225
190.208 -1.1951 0 191.909 39.9546 -8.11075
190.208 -1.1951 0 191.856 40.1678 -8.27969
190.208 -1.1951 0 191.809 40.3709 -8.44794
190.208 -1.1951 0 191.765 40.5964 -8.64401
190.208 -1.1951 0 191.739 40.8085 -8.83699
190.208 -1.1951 0 191.721 41.0338 -9.05293
190.208 -1.1951 0 191.734 41.2516 -9.27968
190.208 -1.1951 0 191.758 41.4496 -9.50803
190.208 -1.1951 0 191.801 41.6522 -9.762
190.208 -1.1951 0 191.849 41.858 -10.0339
190.208 -1.1951 0 191.901 42.0512 -10.2841
190.208 -1.1951 0 191.949 42.2617 -10.5524
190.208 -1.1951 0 192.006 42.4626 -10.8239
190.208 -1.1951 0 192.073 42.6512 -11.0813
190.208 -1.1951 0 192.143 42.8474 -11.3631
190.208 -1.1951 0 192.213 43.0492 -11.6374
190.208 -1.1951 0 192.279 43.2419 -11.8961
190.208 -1.1951 0 192.36 43.454 -12.1819
190.208 -1.1951 0 192.446 43.6665 -12.4692
190.208 -1.1951 0 192.532 43.8604 -12.7432
190.208 -1.1951 0 192.619 44.0683 -13.0265
190.208 -1.1951 0 192.707 44.2674 -13.3019
190.208 -1.1951 0 192.786 44.4523 -13.5548
190.208 -1.1951 0 192.878 44.6434 -13.8202
190.208 -1.1951 0 192.956 44.8269 -14.0822
190.208 -1.1951 0 193.017 44.9952 -14.3165
190.208 -1.1951 0 193.073 45.1736 -14.5421
190.208 -1.1951 0 193.126 45.3474 -14.758
190.208 -1.1951 0 193.167 45.5153 -14.9592
190.208 -1.1951 0 193.203 45.6916 -15.1623
190.208 -1.1951 0 193.224 45.88 -15.3579
190.208 -1.1951 0 193.234 46.0586 -15.5324
190.208 -1.1951 0 193.23 46.2564 -15.7194
190.208 -1.1951 0 193.218 46.4585 -15.8943
190.208 -1.1951 0 193.206 46.6471 -16.0536
190.208 -1.1951 0 193.166 46.8564 -16.2263
190.208 -1.1951 0 193.124 47.052 -16.3795
190.208 -1.1951 0 193.06 47.2694 -16.5434
190.208 -1.1951 0 192.872 47.6776 -16.8208
190.208 -1.1951 0 192.789 47.8238 -16.913
190.208 -1.1951 0 192.709 47.9572 -16.9934
190.208 -1.1951 0 192.579 48.1492 -17.1096
190.208 -1.1951 0 192.409 48.3714 -17.2358
190.208 -1.1951 0 192.208 48.6111 -17.3683
190.208 -1.1951 0 191.983 48.8578 -17.4931
190.208 -1.1951 0 191.754 49.0965 -17.6153
190.208 -1.1951 0 191.494 49.3657 -17.7437
190.208 -1.1951 0 191.262 49.6143 -17.8534
190.208 -1.1951 0 191.013 49.891 -17.9761
190.208 -1.1951 0 190.777 50.1644 -18.0926
190.208 -1.1951 0 190.528 50.4569 -18.2203
190.208 -1.1951 0 190.295 50.7288 -18.3402
190.208 -1.1951 0 190.043 51.0098 -18.4647
190.208 -1.1951 0 189.798 51.2902 -18.5819
190.208 -1.1951 0 189.566 51.5462 -18.6876
190.208 -1.1951 0 189.324 51.8109 -18.8122
190.208 -1.1951 0 189.09 52.0572 -18.9367
190.208 -1.1951 0 188.884 52.2755 -19.0511
190.208 -1.1951 0 188.678 52.4952 -19.1695
190.208 -1.1951 0 188.487 52.7025 -19.2972
190.208 -1.1951 0 188.335 52.8858 -19.4214
190.208 -1.1951 0 188.195 53.0646 -19.56
190.208 -1.1951 0 188.083 53.2299 -19.6961
190.208 -1.1951 0 187.989 53.3714 -19.8223
190.208 -1.1951 0 187.909 53.5072 -19.9534
190.208 -1.1951 0 187.86 53.633 -20.076
190.208 -1.1951 0 187.832 53.7408 -20.1922
190.208 -1.1951 0 187.819 53.8309 -20.3164
190.208 -1.1951 0 187.827 53.9035 -20.4343
190.208 -1.1951 0 187.843 53.9547 -20.5439
190.208 -1.1951 0 187.878 53.9909 -20.6564
190.208 -1.1951 0 187.943 54.0165 -20.7703
190.208 -1.1951 0 188.016 54.0209 -20.8732
190.208 -1.1951 0 188.107 54.0018 -20.9796
190.208 -1.1951 0 188.215 53.9721 -21.083
190.208 -1.1951 0 188.323 53.9315 -21.1748
190.208 -1.1951 0 188.449 53.8758 -21.2674
190.208 -1.1951 0 188.573 53.8025 -21.3575
190.208 -1.1951 0 188.687 53.718 -21.4406
190.208 -1.1951 0 188.817 53.6179 -21.5215
190.208 -1.1951 0 188.951 53.5062 -21.5979
190.208 -1.1951 0 189.073 53.4028 -21.6795
190.208 -1.1951 0 189.205 53.2834 -21.7738
190.208 -1.1951 0 189.335 53.157 -21.8784
190.208 -1.1951 0 189.462 53.0342 -21.9806
190.208 -1.1951 0 189.603 52.9105 -22.0904
190.208 -1.1951 0 189.737 52.8061 -22.1996
190.208 -1.1951 0 189.886 52.7141 -22.3201
190.208 -1.1951 0 190.021 52.6422 -22.4511
190.208 -1.1951 0 190.149 52.5946 -22.5777
190.208 -1.1951 0 190.273 52.5716 -22.7104
190.208 -1.1951 0 190.383 52.5714 -22.8368
190.208 -1.1951 0 190.463 52.5924 -22.9586
190.208 -1.1951 0 190.532 52.6363 -23.0841
190.208 -1.1951 0 190.593 52.6962 -23.2009
190.208 -1.1951 0 190.642 52.7676 -23.3015
190.208 -1.1951 0 190.683 52.8618 -23.4129
190.208 -1.1951 0 190.711 52.9742 -23.5206
190.208 -1.1951 0 190.741 53.0887 -23.6195
190.208 -1.1951 0 190.771 53.2122 -23.7186
190.208 -1.1951 0 190.808 53.3219 -23.8073
190.208 -1.1951 0 190.835 53.4027 -23.8871
190.208 -1.1951 0 190.861 53.461 -23.9671
190.208 -1.1951 0 190.886 53.5171 -24.0636
190.208 -1.1951 0 190.906 53.5462 -24.1057
190.208 -1.1951 0 190.938 53.5931 -24.1519
190.208 -1.1951 0 190.934 53.6269 -24.1933
190.208 -1.1951 0 190.835 53.7069 -0.0303574
190.208 -1.1951 0 190.773 53.8064 -0.0750723
190.208 -1.1951 0 190.725 53.9039 -0.118088
190.208 -1.1951 0 190.695 53.9993 -0.164606
190.208 -1.1951 0 190.65 54.1019 -0.219565
190.208 -1.1951 0 190.598 54.1921 -0.300662
190.208 -1.1951 0 190.526 54.3057 -0.435269
190.208 -1.1951 0 190.457 54.4548 -0.582206
190.208 -1.1951 0 190.392 54.6588 -0.739728
190.208 -1.1951 0 190.313 54.9065 -0.905128
190.208 -1.1951 0 190.221 55.1976 -1.08391
190.208 -1.1951 0 190.111 55.5369 -1.27264
190.208 -1.1951 0 189.991 55.8973 -1.45984
190.208 -1.1951 0 189.869 56.254 -1.62574
190.208 -1.1951 0 189.735 56.6488 -1.792
190.208 -1.1951 0 189.591 57.0568 -1.96924
190.208 -1.1951 0 189.456 57.4486 -2.14093
190.208 -1.1951 0 189.306 57.8586 -2.32006
190.208 -1.1951 0 189.15 58.2641 -2.50867
190.208 -1.1951 0 189.01 58.6435 -2.69342
190.208 -1.1951 0 188.86 59.0337 -2.89691
190.208 -1.1951 0 188.709 59.423 -3.09891
190.208 -1.1951 0 188.557 59.8096 -3.30715
190.208 -1.1951 0 188.413 60.169 -3.50356
190.208 -1.1951 0 188.258 60.5471 -3.70474
190.208 -1.1951 0 188.118 60.9066 -3.89011
190.208 -1.1951 0 187.957 61.2828 -4.07336
190.208 -1.1951 0 187.803 61.6484 -4.25174
190.208 -1.1951 0 187.655 61.9876 -4.41302
190.208 -1.1951 0 187.506 62.3357 -4.5809
190.208 -1.1951 0 187.368 62.669 -4.74192
190.208 -1.1951 0 187.25 62.9723 -4.89819
190.208 -1.1951 0 187.132 63.2846 -5.06562
190.208 -1.1951 0 187.019 63.592 -5.22932
190.208 -1.1951 0 186.92 63.8811 -5.37915
190.208 -1.1951 0 186.822 64.1747 -5.5335
190.208 -1.1951 0 186.726 64.4558 -5.69219
190.208 -1.1951 0 186.646 64.696 -5.84204
190.208 -1.1951 0 186.562 64.9331 -5.99949
190.208 -1.1951 0 186.488 65.1452 -6.15062
190.208 -1.1951 0 186.421 65.3326 -6.28587
190.208 -1.1951 0 186.356 65.5129 -6.43135
190.208 -1.1951 0 186.296 65.6819 -6.58511
190.208 -1.1951 0 186.247 65.8312 -6.73873
190.208 -1.1951 0 186.198 65.9798 -6.89225
190.208 -1.1951 0 186.149 66.1278 -7.05033
190.208 -1.1951 0 186.107 66.2582 -7.18696
190.208 -1.1951 0 186.061 66.3966 -7.33649
190.208 -1.1951 0 186.004 66.5368 -7.48549
190.208 -1.1951 0 185.959 66.6759 -7.62766
190.208 -1.1951 0 185.906 66.827 -7.78448
190.208 -1.1951 0 185.849 66.9875 -7.9424
190.208 -1.1951 0 185.795 67.1552 -8.09258
190.208 -1.1951 0 185.74 67.3442 -8.24282
190.208 -1.1951 0 185.69 67.5301 -8.38427
190.208 -1.1951 0 185.627 67.7432 -8.53656
190.208 -1.1951 0 185.56 67.9651 -8.69022
190.208 -1.1951 0 185.498 68.1797 -8.82421
190.208 -1.1951 0 185.421 68.4268 -8.96416
190.208 -1.1951 0 185.332 68.6802 -9.1034
190.208 -1.1951 0 185.246 68.9359 -9.22463
190.208 -1.1951 0 185.15 69.2095 -9.34901
190.208 -1.1951 0 185.055 69.4891 -9.46205
190.208 -1.1951 0 184.96 69.7631 -9.56921
190.208 -1.1951 0 184.862 70.0622 -9.67722
190.208 -1.1951 0 184.754 70.3572 -9.78357
190.208 -1.1951 0 184.659 70.6299 -9.87892
190.208 -1.1951 0 184.549 70.9137 -9.96926
190.208 -1.1951 0 184.438 71.1956 -10.0602
190.208 -1.1951 0 184.334 71.4536 -10.1423
190.208 -1.1951 0 184.212 71.726 -10.2214
190.208 -1.1951 0 184.077 71.9942 -10.29
190.208 -1.1951 0 183.954 72.2446 -10.3538
190.208 -1.1951 0 183.825 72.5079 -10.4198
190.208 -1.1951 0 183.704 72.7682 -10.4823
190.208 -1.1951 0 183.582 73.0043 -10.5551
190.208 -1.1951 0 183.461 73.2555 -10.6278
190.208 -1.1951 0 183.333 73.5247 -10.6982
190.208 -1.1951 0 183.205 73.7918 -10.7737
190.208 -1.1951 0 183.071 74.0906 -10.8616
190.208 -1.1951 0 182.949 74.3832 -10.9443
190.208 -1.1951 0 182.845 74.6616 -11.0239
190.208 -1.1951 0 182.744 74.9544 -11.1125
190.208 -1.1951 0 182.652 75.2611 -11.2017
190.208 -1.1951 0 182.583 75.5461 -11.2858
190.208 -1.1951 0 182.518 75.8404 -11.3833
190.208 -1.1951 0 182.468 76.1274 -11.469
190.208 -1.1951 0 182.428 76.3782 -11.5452
190.208 -1.1951 0 182.377 76.6227 -11.6259
190.208 -1.1951 0 182.337 76.8476 -11.6967
190.208 -1.1951 0 182.288 77.0423 -11.7614
190.208 -1.1951 0 182.231 77.2335 -11.8242
190.208 -1.1951 0 182.169 77.3946 -11.889
190.208 -1.1951 0 182.108 77.5206 -11.9432
190.208 -1.1951 0 182.033 77.6458 -11.9931
190.208 -1.1951 0 181.964 77.7626 -12.0411
190.208 -1.1951 0 181.908 77.8716 -12.083
190.208 -1.1951 0 181.861 77.9777 -12.1314
190.208 -1.1951 0 181.823 78.0786 -12.1757
190.208 -1.1951 0 181.785 78.1897 -12.2202
190.208 -1.1951 0 181.753 78.3062 -12.2526
190.208 -1.1951 0 181.715 78.4144 -12.2869
190.208 -1.1951 0 181.672 78.5298 -12.3235
190.208 -1.1951 0 181.631 78.6612 -12.3399
190.208 -1.1951 0 181.579 78.7917 -12.3564
190.208 -1.1951 0 181.523 78.9374 -12.3692
190.208 -1.1951 0 181.452 79.0687 -12.388
190.208 -1.1951 0 181.384 79.1869 -12.3964
190.208 -1.1951 0 181.321 79.2921 -12.4027
190.208 -1.1951 0 181.26 79.4102 -12.4035
190.208 -1.1951 0 181.186 79.4954 -12.4238
190.208 -1.1951 0 181.09 79.5211 -12.4627
190.208 -1.1951 0 181.014 79.4939 -12.4981
190.208 -1.1951 0 180.974 79.4283 -12.5285
190.208 -1.1951 0 180.986 79.4402 -0.0123081
190.208 -1.1951 0 181.027 79.4729 -0.069622
190.208 -1.1951 0 181.089 79.5316 -0.169966
190.208 -1.1951 0 181.147 79.6077 -0.298891
190.208 -1.1951 0 181.189 79.6993 -0.425792
190.208 -1.1951 0 181.215 79.7876 -0.552545
190.208 -1.1951 0 181.231 79.8438 -0.680999
190.208 -1.1951 0 181.235 79.9021 -0.819399
190.208 -1.1951 0 181.229 80.0442 -1.00703
190.208 -1.1951 0 181.199 80.2965 -1.24655
190.208 -1.1951 0 181.135 80.6141 -1.50971
190.208 -1.1951 0 181.058 81.0017 -1.79004
190.208 -1.1951 0 180.982 81.418 -2.06754
190.208 -1.1951 0 180.914 81.8225 -2.31312
190.208 -1.1951 0 180.854 82.2566 -2.55679
190.208 -1.1951 0 180.797 82.7021 -2.79607
190.208 -1.1951 0 180.748 83.1342 -3.01173
190.208 -1.1951 0 180.693 83.6195 -3.2381
190.208 -1.1951 0 180.637 84.1154 -3.4571
190.208 -1.1951 0 180.588 84.5788 -3.66139
190.208 -1.1951 0 180.547 85.0594 -3.86499
190.208 -1.1951 0 180.512 85.5241 -4.06088
190.208 -1.1951 0 180.485 85.9486 -4.22802
190.208 -1.1951 0 180.454 86.3875 -4.39785
190.208 -1.1951 0 180.422 86.8009 -4.54576
190.208 -1.1951 0 180.385 87.2322 -4.67696
190.208 -1.1951 0 180.339 87.6501 -4.8014
190.208 -1.1951 0 180.291 88.0268 -4.89888
190.208 -1.1951 0 180.23 88.4014 -4.98647
190.208 -1.1951 0 180.152 88.753 -5.05291
190.208 -1.1951 0 180.08 89.0567 -5.10781
190.208 -1.1951 0 179.993 89.3612 -5.16263
190.208 -1.1951 0 179.904 89.6435 -5.21144
190.208 -1.1951 0 179.812 89.9141 -5.25582
190.208 -1.1951 0 179.726 90.1486 -5.28908
190.208 -1.1951 0 179.631 90.382 -5.31549
190.208 -1.1951 0 179.547 90.5818 -5.32663
190.208 -1.1951 0 179.461 90.7748 -5.3394
190.208 -1.1951 0 179.377 90.957 -5.35091
190.208 -1.1951 0 179.301 91.1245 -5.36208
190.208 -1.1951 0 179.222 91.2974 -5.36917
190.208 -1.1951 0 179.136 91.4738 -5.37594
190.208 -1.1951 0 179.059 91.6357 -5.38218
190.208 -1.1951 0 178.96 91.8068 -5.39376
190.208 -1.1951 0 178.85 91.981 -5.40133
190.208 -1.1951 0 178.745 92.155 -5.39173
190.208 -1.1951 0 178.621 92.3557 -5.38592
190.208 -1.1951 0 178.48 92.573 -5.382
190.208 -1.1951 0 178.345 92.7914 -5.37951
190.208 -1.1951 0 178.191 93.0416 -5.38119
190.208 -1.1951 0 178.042 93.3008 -5.37281
190.208 -1.1951 0 177.9 93.5667 -5.36563
190.208 -1.1951 0 177.752 93.8548 -5.35058
190.208 -1.1951 0 177.601 94.1532 -5.3328
190.208 -1.1951 0 177.456 94.4288 -5.32282
190.208 -1.1951 0 177.305 94.7182 -5.31336
190.208 -1.1951 0 177.148 95.0095 -5.30926
190.208 -1.1951 0 177.007 95.2806 -5.3124
190.208 -1.1951 0 176.858 95.5687 -5.32322
190.208 -1.1951 0 176.714 95.8483 -5.32935
190.208 -1.1951 0 176.576 96.1057 -5.3386
190.208 -1.1951 0 176.425 96.3625 -5.35311
190.208 -1.1951 0 176.276 96.603 -5.36654
190.208 -1.1951 0 176.136 96.8159 -5.38625
190.208 -1.1951 0 175.996 97.0505 -5.40626
190.208 -1.1951 0 175.866 97.2863 -5.43099
190.208 -1.1951 0 175.739 97.5409 -5.46698
190.208 -1.1951 0 175.607 97.7914 -5.50824
190.208 -1.1951 0 175.484 98.0372 -5.55433
190.208 -1.1951 0 175.371 98.27 -5.59822
190.208 -1.1951 0 175.26 98.5127 -5.64655
190.208 -1.1951 0 175.064 98.9656 -5.74629
190.208 -1.1951 0 175.001 99.1062 -5.78286
190.208 -1.1951 0 174.929 99.2546 -5.82013
190.208 -1.1951 0 174.844 99.4303 -5.85847
190.208 -1.1951 0 174.718 99.6551 -5.91711
190.208 -1.1951 0 174.588 99.8673 -5.97364
190.208 -1.1951 0 174.461 100.059 -6.02748
190.208 -1.1951 0 174.323 100.254 -6.08658
190.208 -1.1951 0 174.177 100.44 -6.14715
190.208 -1.1951 0 174.045 100.609 -6.20757
190.208 -1.1951 0 173.903 100.776 -6.27316
190.208 -1.1951 0 173.777 100.942 -6.34189
190.208 -1.1951 0 173.66 101.096 -6.42081
190.208 -1.1951 0 173.536 101.259 -6.50828
190.208 -1.1951 0 173.422 101.416 -6.59197
190.208 -1.1951 0 173.308 101.572 -6.67633
190.208 -1.1951 0 173.208 101.717 -6.74579
190.208 -1.1951 0 173.107 101.872 -6.83015
190.208 -1.1951 0 173.017 102.01 -6.89607
190.208 -1.1951 0 172.927 102.14 -6.96903
190.208 -1.1951 0 172.852 102.252 -7.03321
190.208 -1.1951 0 172.796 102.335 -7.091
190.208 -1.1951 0 172.744 102.401 -7.14416
190.208 -1.1951 0 172.701 102.438 -7.19515
190.208 -1.1951 0 172.673 102.447 -7.23629
190.208 -1.1951 0 172.65 102.433 -7.27233
190.208 -1.1951 0 172.626 102.407 -7.29768
190.208 -1.1951 0 172.61 102.369 -7.30785
190.208 -1.1951 0 172.598 102.322 -7.30681
190.208 -1.1951 0 172.595 102.278 -7.29143
190.208 -1.1951 0 172.576 102.214 -7.25961
190.208 -1.1951 0 172.536 102.112 -7.21832
190.208 -1.1951 0 172.475 101.98 -7.15433
190.208 -1.1951 0 172.405 101.84 -7.06057
190.208 -1.1951 0 172.324 101.686 -6.92687
190.208 -1.1951 0 172.227 101.533 -6.7648
190.208 -1.1951 0 172.118 101.389 -6.60865
190.208 -1.1951 0 171.992 101.238 -6.40336
190.208 -1.1951 0 171.872 101.113 -6.19195
190.208 -1.1951 0 171.732 100.998 -5.95282
190.208 -1.1951 0 171.583 100.904 -5.70918
190.208 -1.1951 0 171.428 100.822 -5.45687
190.208 -1.1951 0 171.274 100.749 -5.21556
190.208 -1.1951 0 171.124 100.672 -4.94608
190.208 -1.1951 0 170.982 100.604 -4.69321
190.208 -1.1951 0 170.837 100.542 -4.43423
190.208 -1.1951 0 170.703 100.486 -4.18749
190.208 -1.1951 0 170.589 100.44 -3.97255
190.208 -1.1951 0 170.473 100.397 -3.76506
190.208 -1.1951 0 170.363 100.356 -3.57067
190.208 -1.1951 0 170.267 100.311 -3.39484
190.208 -1.1951 0 170.178 100.261 -3.23882
190.208 -1.1951 0 170.111 100.214 -3.10684
190.208 -1.1951 0 170.062 100.166 -3.00291
190.208 -1.1951 0 170.025 100.112 -2.92136
190.208 -1.1951 0 170.014 100.064 -2.87336
190.208 -1.1951 0 170.016 100.021 -2.84777
190.208 -1.1951 0 170.029 99.9883 -2.83064
190.208 -1.1951 0 170.04 99.964 -2.8318
190.208 -1.1951 0 170.055 99.9422 -2.84278
190.208 -1.1951 0 170.06 99.9177 -2.8664
190.208 -1.1951 0 170.067 99.8931 -2.90402
190.208 -1.1951 0 170.07 99.8658 -2.94587
190.208 -1.1951 0 170.067 99.8357 -3.00312
190.208 -1.1951 0 170.064 99.8085 -3.0534
190.208 -1.1951 0 170.058 99.7812 -3.11488
190.208 -1.1951 0 170.059 99.7541 -3.18192
190.208 -1.1951 0 170.068 99.7216 -3.25452
190.208 -1.1951 0 170.076 99.6865 -3.3341
190.208 -1.1951 0 170.103 99.6569 -3.42762
190.208 -1.1951 0 170.137 99.6274 -3.52674
190.208 -1.1951 0 170.177 99.614 -3.63148
190.208 -1.1951 0 170.228 99.6033 -3.73767
190.208 -1.1951 0 170.278 99.5927 -3.84393
190.208 -1.1951 0 170.324 99.5848 -3.94046
190.208 -1.1951 0 170.372 99.5795 -4.03289
190.208 -1.1951 0 170.424 99.5795 -4.1282
190.208 -1.1951 0 170.482 99.5902 -4.2153
190.208 -1.1951 0 170.53 99.6115 -4.30793
190.208 -1.1951 0 170.571 99.6433 -4.39495
190.208 -1.1951 0 170.604 99.6724 -4.4833
190.208 -1.1951 0 170.633 99.6987 -4.5758
190.208 -1.1951 0 170.662 99.7198 -4.65437
190.208 -1.1951 0 170.691 99.7382 -4.72601
190.208 -1.1951 0 170.716 99.7591 -4.80177
190.208 -1.1951 0 170.738 99.7827 -4.86773
190.208 -1.1951 0 170.759 99.8114 -4.93372
190.208 -1.1951 0 170.769 99.8454 -4.99116
190.208 -1.1951 0 170.776 99.8767 -5.03877
190.208 -1.1951 0 170.79 99.9079 -5.09214
190.208 -1.1951 0 170.804 99.9392 -5.13162
190.208 -1.1951 0 170.811 99.9652 -5.16534
190.208 -1.1951 0 170.821 99.9886 -5.19497
190.208 -1.1951 0 170.834 100.004 -5.22049
190.208 -1.1951 0 170.845 100.012 -5.23613
190.208 -1.1951 0 170.865 100.015 -5.24647
190.208 -1.1951 0 170.875 100.009 -5.25507
190.208 -1.1951 0 170.886 100.004 -5.26367
190.208 -1.1951 0 170.893 99.9964 -5.26243
190.208 -1.1951 0 170.9 99.9834 -5.26115
190.208 -1.1951 0 170.913 99.9757 -5.25178
190.208 -1.1951 0 170.92 99.9653 -5.24357
190.208 -1.1951 0 170.927 99.9549 -5.23537
190.208 -1.1951 0 170.941 99.9446 -5.21905
190.208 -1.1951 0 170.962 99.9343 -5.20851
190.208 -1.1951 0 170.986 99.9187 -5.20084
190.208 -1.1951 0 171.034 99.898 -5.19954
190.208 -1.1951 0 171.099 99.864 -5.21974
190.208 -1.1951 0 171.205 99.809 -5.26113
190.208 -1.1951 0 171.325 99.7327 -5.32856
190.208 -1.1951 0 171.475 99.6327 -5.43013
190.208 -1.1951 0 171.651 99.5088 -5.57741
190.208 -1.1951 0 171.846 99.3718 -5.7511
190.208 -1.1951 0 172.075 99.2007 -5.98093
190.208 -1.1951 0 172.331 99.0059 -6.23404
190.208 -1.1951 0 172.598 98.8033 -6.4958
190.208 -1.1951 0 172.887 98.5723 -6.81044
190.208 -1.1951 0 173.191 98.3286 -7.15541
190.208 -1.1951 0 173.492 98.093 -7.50095
190.208 -1.1951 0 173.822 97.8391 -7.88023
190.208 -1.1951 0 174.153 97.5878 -8.26441
190.208 -1.1951 0 174.464 97.3584 -8.65362
190.208 -1.1951 0 174.799 97.1263 -9.07433
190.208 -1.1951 0 175.111 96.9177 -9.47212
190.208 -1.1951 0 175.431 96.7198 -9.89126
190.208 -1.1951 0 175.742 96.5512 -10.3171
190.208 -1.1951 0 176.024 96.4204 -10.7311
190.208 -1.1951 0 176.325 96.3053 -11.1797
190.208 -1.1951 0 176.622 96.2083 -11.6247
190.208 -1.1951 0 176.901 96.1311 -12.0375
190.208 -1.1951 0 177.194 96.0697 -12.4786
190.208 -1.1951 0 177.492 96.0302 -12.9098
190.208 -1.1951 0 177.777 96.0197 -13.3392
190.208 -1.1951 0 178.037 96.0322 -13.7273
190.208 -1.1951 0 178.294 96.0781 -14.1066
190.208 -1.1951 0 178.532 96.1521 -14.4509
190.208 -1.1951 0 178.721 96.2511 -14.7476
190.208 -1.1951 0 178.874 96.375 -15.0187
190.208 -1.1951 0 178.956 96.5089 -15.223
190.208 -1.1951 0 178.968 96.6668 -15.3901
190.208 -1.1951 0 178.899 96.8376 -15.5007
190.208 -1.1951 0 178.771 97.0037 -15.5531
190.208 -1.1951 0 178.586 97.1811 -15.5719
190.208 -1.1951 0 178.361 97.3554 -15.5545
190.208 -1.1951 0 178.136 97.5114 -15.4986
190.208 -1.1951 0 177.873 97.674 -15.3914
190.208 -1.1951 0 177.6 97.8294 -15.2524
190.208 -1.1951 0 177.339 97.9775 -15.0985
190.208 -1.1951 0 177.067 98.1417 -14.9192
190.208 -1.1951 0 176.803 98.3012 -14.7077
190.208 -1.1951 0 176.554 98.4512 -14.4784
190.208 -1.1951 0 176.3 98.6099 -14.2086
190.208 -1.1951 0 176.058 98.7575 -13.927
190.208 -1.1951 0 175.842 98.8868 -13.644
190.208 -1.1951 0 175.624 99.0007 -13.3272
190.208 -1.1951 0 175.424 99.0995 -13.0074
190.208 -1.1951 0 175.25 99.1708 -12.7042
190.208 -1.1951 0 175.092 99.2223 -12.393
190.208 -1.1951 0 174.958 99.2538 -12.1002
190.208 -1.1951 0 174.859 99.2629 -11.8319
190.208 -1.1951 0 174.761 99.2569 -11.5507
190.208 -1.1951 0 174.681 99.2433 -11.2863
190.208 -1.1951 0 174.605 99.2196 -11.0489
190.208 -1.1951 0 174.538 99.1831 -10.7981
190.208 -1.1951 0 174.465 99.1414 -10.5608
190.208 -1.1951 0 174.395 99.0921 -10.3539
190.208 -1.1951 0 174.325 99.0401 -10.1572
190.208 -1.1951 0 174.268 98.9879 -9.9771
190.208 -1.1951 0 174.224 98.9358 -9.8304
190.208 -1.1951 0 174.188 98.8885 -9.69353
190.208 -1.1951 0 174.156 98.8518 -9.59362
190.208 -1.1951 0 174.123 98.8279 -9.50038
190.208 -1.1951 0 174.078 98.8172 -9.41765
190.208 -1.1951 0 174.038 98.8167 -9.34137
190.208 -1.1951 0 173.974 98.8241 -9.24582
190.208 -1.1951 0 173.885 98.8444 -9.13111
190.208 -1.1951 0 173.781 98.8698 -9.0005
190.208 -1.1951 0 173.653 98.8902 -8.84469
190.208 -1.1951 0 173.499 98.9002 -8.6641
190.208 -1.1951 0 173.324 98.9002 -8.47928
190.208 -1.1951 0 173.122 98.9 -8.25356
190.208 -1.1951 0 172.911 98.8844 -8.02344
190.208 -1.1951 0 172.7 98.8582 -7.78146
190.208 -1.1951 0 172.51 98.8188 -7.54231
190.208 -1.1951 0 172.322 98.7584 -7.29418
190.208 -1.1951 0 172.19 98.687 -7.07467
190.208 -1.1951 0 172.07 98.5944 -6.85456
190.208 -1.1951 0 171.991 98.4958 -6.66054
190.208 -1.1951 0 171.945 98.3971 -6.51378
190.208 -1.1951 0 171.928 98.3033 -6.39415
190.208 -1.1951 0 171.944 98.2195 -6.30441
190.208 -1.1951 0 171.986 98.1434 -6.24557
190.208 -1.1951 0 172.047 98.0589 -6.19827
190.208 -1.1951 0 172.125 97.9794 -6.16616
190.208 -1.1951 0 172.213 97.9053 -6.15718
190.208 -1.1951 0 172.317 97.8391 -6.17048
190.208 -1.1951 0 172.43 97.7837 -6.20693
190.208 -1.1951 0 172.543 97.737 -6.26446
190.208 -1.1951 0 172.662 97.6983 -6.33533
190.208 -1.1951 0 172.79 97.6631 -6.43682
190.208 -1.1951 0 172.916 97.6208 -6.5601
190.208 -1.1951 0 173.067 97.5627 -6.70976
190.208 -1.1951 0 173.228 97.4968 -6.88025
190.208 -1.1951 0 173.395 97.4311 -7.05817
190.208 -1.1951 0 173.579 97.363 -7.2635
190.208 -1.1951 0 173.761 97.3085 -7.47653
190.208 -1.1951 0 173.932 97.2706 -7.69427
190.208 -1.1951 0 174.1 97.2439 -7.9265
190.208 -1.1951 0 174.259 97.2361 -8.1593
190.208 -1.1951 0 174.388 97.2395 -8.37664
190.208 -1.1951 0 174.51 97.2534 -8.58749
190.208 -1.1951 0 174.622 97.2725 -8.78867
190.208 -1.1951 0 174.71 97.2946 -8.97364
190.208 -1.1951 0 174.781 97.3277 -9.15539
190.208 -1.1951 0 174.82 97.3688 -9.31023
190.208 -1.1951 0 174.831 97.4208 -9.44809
190.208 -1.1951 0 174.815 97.4808 -9.56218
190.208 -1.1951 0 174.776 97.5375 -9.64266
190.208 -1.1951 0 174.722 97.5987 -9.68922
190.208 -1.1951 0 174.651 97.6567 -9.70912
190.208 -1.1951 0 174.575 97.7191 -9.70541
190.208 -1.1951 0 174.505 97.778 -9.68491
190.208 -1.1951 0 174.421 97.8339 -9.64137
190.208 -1.1951 0 174.344 97.8783 -9.57452
190.208 -1.1951 0 174.24 97.9176 -9.47851
190.208 -1.1951 0 174.13 97.9513 -9.35966
190.208 -1.1951 0 174.009 97.9798 -9.23171
190.208 -1.1951 0 173.876 98.0027 -9.07463
190.208 -1.1951 0 173.731 98.0148 -8.89202
190.208 -1.1951 0 173.595 98.0213 -8.70634
190.208 -1.1951 0 173.45 98.0251 -8.50503
190.208 -1.1951 0 173.301 98.0209 -8.29475
190.208 -1.1951 0 173.169 98.0087 -8.09765
190.208 -1.1951 0 173.043 97.9828 -7.88725
190.208 -1.1951 0 172.932 97.9437 -7.6866
190.208 -1.1951 0 172.841 97.8992 -7.50839
190.208 -1.1951 0 172.761 97.8362 -7.33665
190.208 -1.1951 0 172.705 97.7574 -7.19053
190.208 -1.1951 0 172.67 97.6707 -7.07348
190.208 -1.1951 0 172.643 97.571 -6.9733
190.208 -1.1951 0 172.628 97.4688 -6.89271
190.208 -1.1951 0 172.611 97.375 -6.83274
190.208 -1.1951 0 172.58 97.2818 -6.77443
190.208 -1.1951 0 172.525 97.1899 -6.72247
190.208 -1.1951 0 172.453 97.1091 -6.66876
190.208 -1.1951 0 172.35 97.0239 -6.60194
190.208 -1.1951 0 172.241 96.941 -6.5225
190.208 -1.1951 0 172.127 96.8559 -6.44767
190.208 -1.1951 0 172.001 96.7679 -6.35461
190.208 -1.1951 0 171.867 96.6831 -6.26306
190.208 -1.1951 0 171.75 96.6139 -6.18627
190.208 -1.1951 0 171.636 96.5479 -6.1198
190.208 -1.1951 0 171.537 96.4945 -6.05798
190.208 -1.1951 0 171.457 96.4507 -5.99976
190.208 -1.1951 0 171.378 96.4078 -5.95564
190.208 -1.1951 0 171.319 96.3693 -5.9152
190.208 -1.1951 0 171.269 96.3307 -5.88369
190.208 -1.1951 0 171.22 96.2953 -5.85905
190.208 -1.1951 0 171.178 96.2681 -5.84671
190.208 -1.1951 0 171.156 96.2379 -5.84521
190.208 -1.1951 0 171.139 96.2035 -5.86374
190.208 -1.1951 0 171.133 96.1692 -5.89104
190.208 -1.1951 0 171.14 96.1297 -5.93037
190.208 -1.1951 0 171.157 96.0913 -5.99228
190.208 -1.1951 0 171.193 96.0499 -6.065
190.208 -1.1951 0 171.248 96.0064 -6.16244
190.208 -1.1951 0 171.33 95.9682 -6.28308
190.208 -1.1951 0 171.432 95.9373 -6.41419
190.208 -1.1951 0 171.565 95.9148 -6.58161
190.208 -1.1951 0 171.721 95.9005 -6.77684
190.208 -1.1951 0 171.895 95.8852 -6.9772
190.208 -1.1951 0 172.092 95.8648 -7.20329
190.208 -1.1951 0 172.3 95.8444 -7.44304
190.208 -1.1951 0 172.503 95.8261 -7.6743
190.208 -1.1951 0 172.713 95.8089 -7.93014
190.208 -1.1951 0 172.918 95.804 -8.17675
190.208 -1.1951 0 173.109 95.7991 -8.41239
190.208 -1.1951 0 173.297 95.8025 -8.65571
190.208 -1.1951 0 173.466 95.8192 -8.88716
190.208 -1.1951 0 173.602 95.8441 -9.09388
190.208 -1.1951 0 173.73 95.8854 -9.3074
190.208 -1.1951 0 173.845 95.9399 -9.51455
190.208 -1.1951 0 173.939 95.9962 -9.69253
190.208 -1.1951 0 174.012 96.0616 -9.87114
190.208 -1.1951 0 174.086 96.1246 -10.0197
190.208 -1.1951 0 174.132 96.1906 -10.1456
190.208 -1.1951 0 174.179 96.2757 -10.2536
190.208 -1.1951 0 174.219 96.3777 -10.3441
190.208 -1.1951 0 174.256 96.4968 -10.4206
190.208 -1.1951 0 174.315 96.6342 -10.4891
190.208 -1.1951 0 174.376 96.7837 -10.5507
190.208 -1.1951 0 174.446 96.9295 -10.5993
190.208 -1.1951 0 174.518 97.1028 -10.6406
190.208 -1.1951 0 174.591 97.2887 -10.6753
190.208 -1.1951 0 174.644 97.4756 -10.7043
190.208 -1.1951 0 174.684 97.6879 -10.7164
190.208 -1.1951 0 174.69 97.906 -10.706
190.208 -1.1951 0 174.665 98.1118 -10.6701
190.208 -1.1951 0 174.607 98.3281 -10.6116
190.208 -1.1951 0 174.518 98.5269 -10.5448
190.208 -1.1951 0 174.399 98.7183 -10.4697
190.208 -1.1951 0 174.264 98.894 -10.3795
190.208 -1.1951 0 174.122 99.0464 -10.2744
190.208 -1.1951 0 173.972 99.1732 -10.1641
190.208 -1.1951 0 173.803 99.2848 -10.0494
190.208 -1.1951 0 173.646 99.3657 -9.93546
190.208 -1.1951 0 173.481 99.4289 -9.82313
190.208 -1.1951 0 173.327 99.4718 -9.70798
190.208 -1.1951 0 173.182 99.492 -9.59659
190.208 -1.1951 0 173.039 99.4971 -9.47252
190.208 -1.1951 0 172.912 99.4946 -9.34455
190.208 -1.1951 0 172.795 99.4795 -9.21982
190.208 -1.1951 0 172.698 99.4619 -9.09385
190.208 -1.1951 0 172.574 99.4317 -8.93372
190.208 -1.1951 0 172.505 99.409 -8.83942
190.208 -1.1951 0 172.436 99.3761 -8.715
190.208 -1.1951 0 172.357 99.3357 -8.58847
190.208 -1.1951 0 172.272 99.3003 -8.47279
190.208 -1.1951 0 172.181 99.2648 -8.35135
190.208 -1.1951 0 172.083 99.2293 -8.2242
190.208 -1.1951 0 171.986 99.1964 -8.10729
190.208 -1.1951 0 171.887 99.1608 -7.98094
190.208 -1.1951 0 171.781 99.1252 -7.84902
190.208 -1.1951 0 171.68 99.0946 -7.72345
190.208 -1.1951 0 171.58 99.0614 -7.59146
190.208 -1.1951 0 171.498 99.0279 -7.46387
190.208 -1.1951 0 171.439 98.9917 -7.35033
190.208 -1.1951 0 171.385 98.9606 -7.24275
190.208 -1.1951 0 171.35 98.9293 -7.15289
190.208 -1.1951 0 171.324 98.9033 -7.08557
190.208 -1.1951 0 171.293 98.8798 -7.02218
190.208 -1.1951 0 171.263 98.8564 -6.95884
190.208 -1.1951 0 171.219 98.8254 -6.89085
190.208 -1.1951 0 171.162 98.797 -6.81813
190.208 -1.1951 0 171.09 98.7614 -6.75472
190.208 -1.1951 0 171.012 98.7257 -6.68573
190.208 -1.1951 0 170.92 98.6826 -6.6125
190.208 -1.1951 0 170.817 98.6244 -6.5451
190.208 -1.1951 0 170.727 98.5613 -6.4897
190.208 -1.1951 0 170.646 98.4826 -6.42984
190.208 -1.1951 0 170.582 98.3985 -6.37092
190.208 -1.1951 0 170.532 98.3167 -6.31669
190.208 -1.1951 0 170.487 98.2349 -6.26835
190.208 -1.1951 0 170.473 98.1651 -6.22463
190.208 -1.1951 0 170.476 98.0902 -6.19534
190.208 -1.1951 0 170.508 98.0016 -6.17142
190.208 -1.1951 0 170.559 97.8976 -6.1653
190.208 -1.1951 0 170.633 97.7751 -6.17322
190.208 -1.1951 0 170.735 97.6268 -6.20846
190.208 -1.1951 0 170.855 97.4502 -6.26995
190.208 -1.1951 0 170.984 97.266 -6.34855
190.208 -1.1951 0 171.144 97.0528 -6.45217
190.208 -1.1951 0 171.305 96.8341 -6.56089
190.208 -1.1951 0 171.49 96.5893 -6.69675
190.208 -1.1951 0 171.693 96.3379 -6.83953
190.208 -1.1951 0 171.883 96.0974 -6.98913
190.208 -1.1951 0 172.098 95.845 -7.15249
190.208 -1.1951 0 172.31 95.5972 -7.31843
190.208 -1.1951 0 172.506 95.3759 -7.48347
190.208 -1.1951 0 172.712 95.1491 -7.66378
190.208 -1.1951 0 172.912 94.9388 -7.85588
190.208 -1.1951 0 173.086 94.7588 -8.04307
190.208 -1.1951 0 173.27 94.5821 -8.25131
190.208 -1.1951 0 173.451 94.4223 -8.47358
190.208 -1.1951 0 173.626 94.2866 -8.69568
190.208 -1.1951 0 173.812 94.1629 -8.94804
190.208 -1.1951 0 173.999 94.0684 -9.20595
190.208 -1.1951 0 174.176 94.0031 -9.45941
190.208 -1.1951 0 174.353 93.955 -9.72945
190.208 -1.1951 0 174.532 93.9309 -10.0085
190.208 -1.1951 0 174.712 93.9205 -10.2738
190.208 -1.1951 0 174.904 93.9238 -10.5628
190.208 -1.1951 0 175.107 93.9339 -10.8593
190.208 -1.1951 0 175.285 93.9558 -11.1462
190.208 -1.1951 0 175.471 93.9862 -11.454
190.208 -1.1951 0 175.639 94.0334 -11.758
190.208 -1.1951 0 175.785 94.0755 -12.0394
190.208 -1.1951 0 175.939 94.1174 -12.3356
190.208 -1.1951 0 176.072 94.1576 -12.6187
190.208 -1.1951 0 176.178 94.2009 -12.8771
190.208 -1.1951 0 176.275 94.2541 -13.1515
190.208 -1.1951 0 176.36 94.3054 -13.4224
190.208 -1.1951 0 176.436 94.3482 -13.6769
190.208 -1.1951 0 176.514 94.3859 -13.939
190.208 -1.1951 0 176.595 94.4153 -14.1722
190.208 -1.1951 0 176.681 94.4414 -14.4065
190.208 -1.1951 0 176.755 94.4807 -14.6321
190.208 -1.1951 0 176.82 94.5315 -14.8326
190.208 -1.1951 0 176.889 94.5872 -15.0401
190.208 -1.1951 0 176.96 94.6362 -15.2353
190.208 -1.1951 0 177.026 94.6705 -15.3981
190.208 -1.1951 0 177.085 94.7062 -15.5702
190.208 -1.1951 0 177.132 94.7451 -15.7341
190.208 -1.1951 0 177.167 94.7839 -15.8799
190.208 -1.1951 0 177.191 94.8323 -16.0368
190.208 -1.1951 0 177.218 94.8723 -16.1916
190.208 -1.1951 0 177.234 94.9089 -16.3518
190.208 -1.1951 0 177.266 94.947 -16.5311
190.208 -1.1951 0 177.304 94.985 -16.7212
190.208 -1.1951 0 177.354 95.0264 -16.9132
190.208 -1.1951 0 177.416 95.0744 -17.1169
190.208 -1.1951 0 177.485 95.1288 -17.3215
190.208 -1.1951 0 177.563 95.1804 -17.5017
190.208 -1.1951 0 177.641 95.2368 -17.682
190.208 -1.1951 0 177.708 95.29 -17.8344
190.208 -1.1951 0 177.766 95.3352 -17.9592
190.208 -1.1951 0 177.812 95.3755 -18.0622
190.208 -1.1951 0 177.829 95.4074 -18.1371
190.208 -1.1951 0 177.811 95.426 -18.1693
190.208 -1.1951 0 177.779 95.4365 -18.1623
190.208 -1.1951 0 177.749 95.4378 -18.1262
190.208 -1.1951 0 177.696 95.4404 -18.0691
190.208 -1.1951 0 177.643 95.4435 -17.9752
190.208 -1.1951 0 177.57 95.4418 -17.8448
190.208 -1.1951 0 177.481 95.44 -17.6853
190.208 -1.1951 0 177.374 95.4351 -17.4837
190.208 -1.1951 0 177.242 95.4333 -17.2486
190.208 -1.1951 0 177.099 95.4316 -16.9964
190.208 -1.1951 0 176.929 95.4267 -16.6925
190.208 -1.1951 0 176.742 95.4122 -16.3693
190.208 -1.1951 0 176.542 95.3945 -16.0207
190.208 -1.1951 0 176.348 95.3707 -15.6727
190.208 -1.1951 0 176.128 95.3468 -15.2917
190.208 -1.1951 0 175.923 95.3216 -14.925
190.208 -1.1951 0 175.709 95.2888 -14.5145
190.208 -1.1951 0 175.499 95.2496 -14.1042
190.208 -1.1951 0 175.316 95.2028 -13.7081
190.208 -1.1951 0 175.137 95.145 -13.2815
190.208 -1.1951 0 174.979 95.0887 -12.8834
190.208 -1.1951 0 174.813 95.0307 -12.4664
190.208 -1.1951 0 174.653 94.9742 -12.057
190.208 -1.1951 0 174.51 94.921 -11.658
190.208 -1.1951 0 174.382 94.869 -11.3026
190.208 -1.1951 0 174.258 94.807 -10.9349
190.208 -1.1951 0 174.144 94.738 -10.5946
190.208 -1.1951 0 174.016 94.6653 -10.2351
190.208 -1.1951 0 173.91 94.6053 -9.9377
190.208 -1.1951 0 173.816 94.5534 -9.66284
190.208 -1.1951 0 173.732 94.5031 -9.39406
190.208 -1.1951 0 173.657 94.4523 -9.16206
190.208 -1.1951 0 173.598 94.4095 -8.9793
190.208 -1.1951 0 173.55 94.368 -8.82623
190.208 -1.1951 0 173.518 94.3398 -8.71861
190.208 -1.1951 0 173.514 94.3267 -8.66212
190.208 -1.1951 0 173.52 94.3234 -8.66196
190.208 -1.1951 0 173.546 94.3216 -8.69784
190.208 -1.1951 0 173.588 94.3213 -8.7666
190.208 -1.1951 0 173.638 94.3308 -8.88858
190.208 -1.1951 0 173.698 94.3452 -9.04686
190.208 -1.1951 0 173.757 94.3711 -9.2416
190.208 -1.1951 0 173.83 94.4033 -9.49262
190.208 -1.1951 0 173.929 94.4336 -9.78309
190.208 -1.1951 0 174.028 94.4621 -10.0872
190.208 -1.1951 0 174.151 94.4888 -10.4311
190.208 -1.1951 0 174.275 94.5087 -10.7925
190.208 -1.1951 0 174.397 94.5303 -11.1473
190.208 -1.1951 0 174.526 94.5567 -11.5419
190.208 -1.1951 0 174.658 94.5866 -11.9298
190.208 -1.1951 0 174.778 94.6215 -12.2808
190.208 -1.1951 0 174.893 94.671 -12.6274
190.208 -1.1951 0 174.988 94.7302 -12.9499
190.208 -1.1951 0 175.053 94.7925 -13.2184
190.208 -1.1951 0 175.099 94.8514 -13.4534
190.208 -1.1951 0 175.12 94.9051 -13.6581
190.208 -1.1951 0 175.119 94.9523 -13.8161
190.208 -1.1951 0 175.094 95.0042 -13.9396
190.208 -1.1951 0 175.036 95.0541 -14.0255
190.208 -1.1951 0 174.963 95.1025 -14.0715
190.208 -1.1951 0 174.866 95.1616 -14.0994
190.208 -1.1951 0 174.75 95.2411 -14.1155
190.208 -1.1951 0 174.625 95.3314 -14.1082
190.208 -1.1951 0 174.479 95.4607 -14.0817
190.208 -1.1951 0 174.331 95.6194 -14.0379
190.208 -1.1951 0 174.17 95.8293 -13.9689
190.208 -1.1951 0 174.006 96.0728 -13.8833
190.208 -1.1951 0 173.84 96.3404 -13.7855
190.208 -1.1951 0 173.688 96.615 -13.6929
190.208 -1.1951 0 173.538 96.9231 -13.5945
190.208 -1.1951 0 173.419 97.2208 -13.4987
190.208 -1.1951 0 173.302 97.5458 -13.4072
190.208 -1.1951 0 173.195 97.8692 -13.318
190.208 -1.1951 0 173.097 98.1685 -13.2477
190.208 -1.1951 0 172.998 98.4785 -13.1728
190.208 -1.1951 0 172.908 98.7781 -13.0966
190.208 -1.1951 0 172.818 99.0471 -13.0355
190.208 -1.1951 0 172.714 99.3202 -12.9768
190.208 -1.1951 0 172.596 99.5786 -12.9237
190.208 -1.1951 0 172.487 99.8083 -12.8686
190.208 -1.1951 0 172.363 100.026 -12.8223
190.208 -1.1951 0 172.245 100.212 -12.7958
190.208 -1.1951 0 172.148 100.354 -12.7685
190.208 -1.1951 0 172.048 100.467 -12.7546
190.208 -1.1951 0 171.962 100.555 -12.7494
190.208 -1.1951 0 171.89 100.615 -12.759
190.208 -1.1951 0 171.827 100.629 -12.7959
190.208 -1.1951 0 171.749 100.557 -12.8867
190.208 -1.1951 0 171.704 100.418 -12.9803
190.208 -1.1951 0 171.698 100.199 -13.086
190.208 -1.1951 0 171.571 100.354 -0.0294553
190.208 -1.1951 0 171.444 100.516 -0.0135632
190.208 -1.1951 0 171.296 100.706 0.0490474
190.208 -1.1951 0 171.142 100.9 0.155119
190.208 -1.1951 0 170.957 101.072 0.300352
190.208 -1.1951 0 170.717 101.231 0.484739
190.208 -1.1951 0 170.438 101.36 0.714334
190.208 -1.1951 0 170.137 101.463 0.951456
190.208 -1.1951 0 169.788 101.593 1.23454
190.208 -1.1951 0 169.403 101.767 1.5199
190.208 -1.1951 0 169.013 101.964 1.78857
190.208 -1.1951 0 168.557 102.188 2.08985
190.208 -1.1951 0 168.09 102.405 2.40455
190.208 -1.1951 0 167.639 102.589 2.70986
190.208 -1.1951 0 167.147 102.776 3.04378
190.208 -1.1951 0 166.643 102.95 3.38361
190.208 -1.1951 0 166.174 103.107 3.69986
190.208 -1.1951 0 165.67 103.254 4.04312
190.208 -1.1951 0 165.148 103.383 4.38852
190.208 -1.1951 0 164.629 103.509 4.73287
190.208 -1.1951 0 164.146 103.638 5.05131
190.208 -1.1951 0 163.654 103.785 5.38829
190.208 -1.1951 0 163.202 103.934 5.68987
190.208 -1.1951 0 162.74 104.095 5.99232
190.208 -1.1951 0 162.309 104.243 6.28032
190.208 -1.1951 0 161.93 104.374 6.53319
190.208 -1.1951 0 161.558 104.499 6.79598
190.208 -1.1951 0 161.223 104.611 7.03438
190.208 -1.1951 0 160.888 104.723 7.28028
190.208 -1.1951 0 160.567 104.829 7.51944
190.208 -1.1951 0 160.265 104.932 7.74586
190.208 -1.1951 0 159.995 105.022 7.95709
190.208 -1.1951 0 159.718 105.115 8.16218
190.208 -1.1951 0 159.468 105.202 8.34238
190.208 -1.1951 0 159.222 105.282 8.53057
190.208 -1.1951 0 158.978 105.361 8.70861
190.208 -1.1951 0 158.766 105.435 8.86652
190.208 -1.1951 0 158.56 105.509 9.02142
190.208 -1.1951 0 158.368 105.582 9.16919
190.208 -1.1951 0 158.199 105.647 9.29318
190.208 -1.1951 0 158.028 105.715 9.40657
190.208 -1.1951 0 157.868 105.784 9.5115
190.208 -1.1951 0 157.728 105.851 9.60092
190.208 -1.1951 0 157.595 105.913 9.67584
190.208 -1.1951 0 157.486 105.977 9.72994
190.208 -1.1951 0 157.402 106.031 9.77173
190.208 -1.1951 0 157.324 106.092 9.79496
190.208 -1.1951 0 157.271 106.151 9.79781
190.208 -1.1951 0 157.25 106.197 9.78513
190.208 -1.1951 0 157.255 106.229 9.75724
190.208 -1.1951 0 157.288 106.239 9.71621
190.208 -1.1951 0 157.341 106.23 9.66901
190.208 -1.1951 0 157.422 106.205 9.57771
190.208 -1.1951 0 157.532 106.175 9.46807
190.208 -1.1951 0 157.673 106.131 9.34159
190.208 -1.1951 0 157.86 106.078 9.17502
190.208 -1.1951 0 158.089 106.009 8.97881
190.208 -1.1951 0 158.337 105.938 8.76472
190.208 -1.1951 0 158.62 105.848 8.51883
190.208 -1.1951 0 158.929 105.753 8.25772
190.208 -1.1951 0 159.245 105.66 7.99982
190.208 -1.1951 0 159.599 105.562 7.7003
190.208 -1.1951 0 159.969 105.462 7.39358
190.208 -1.1951 0 160.33 105.367 7.09033
190.208 -1.1951 0 160.71 105.268 6.7586
190.208 -1.1951 0 161.105 105.168 6.42722
190.208 -1.1951 0 161.493 105.07 6.11156
190.208 -1.1951 0 161.921 104.955 5.77399
190.208 -1.1951 0 162.33 104.848 5.45581
190.208 -1.1951 0 162.778 104.725 5.11339
190.208 -1.1951 0 163.257 104.594 4.75481
190.208 -1.1951 0 163.746 104.448 4.39809
190.208 -1.1951 0 164.225 104.297 4.06304
190.208 -1.1951 0 164.749 104.117 3.7222
190.208 -1.1951 0 165.263 103.937 3.40771
190.208 -1.1951 0 165.825 103.73 3.09109
190.208 -1.1951 0 166.413 103.505 2.80557
190.208 -1.1951 0 166.985 103.283 2.55551
190.208 -1.1951 0 167.612 103.029 2.31716
190.208 -1.1951 0 168.268 102.742 2.10695
190.208 -1.1951 0 168.908 102.442 1.9451
190.208 -1.1951 0 169.606 102.089 1.80544
190.208 -1.1951 0 170.336 101.705 1.69771
190.208 -1.1951 0 171.032 101.306 1.62488
190.208 -1.1951 0 171.772 100.834 1.56909
190.208 -1.1951 0 172.529 100.308 1.52005
190.208 -1.1951 0 173.226 99.782 1.49045
190.208 -1.1951 0 173.948 99.1974 1.49274
190.208 -1.1951 0 174.624 98.6006 1.52651
190.208 -1.1951 0 175.201 98.0333 1.59004
190.208 -1.1951 0 175.766 97.424 1.67864
190.208 -1.1951 0 176.295 96.8118 1.79473
190.208 -1.1951 0 176.763 96.2296 1.91762
190.208 -1.1951 0 177.22 95.6119 2.06846
190.208 -1.1951 0 177.628 95.013 2.2528
190.208 -1.1951 0 177.958 94.4706 2.43653
190.208 -1.1951 0 178.243 93.938 2.6495
190.208 -1.1951 0 178.457 93.467 2.88077
190.208 -1.1951 0 178.606 93.0784 3.11936
190.208 -1.1951 0 178.705 92.7133 3.40402
190.208 -1.1951 0 178.742 92.3966 3.70159
190.208 -1.1951 0 178.73 92.1501 3.98998
190.208 -1.1951 0 178.668 91.9206 4.29817
190.208 -1.1951 0 178.565 91.7415 4.62149
190.208 -1.1951 0 178.418 91.5872 4.94627
190.208 -1.1951 0 178.24 91.4787 5.25651
190.208 -1.1951 0 178.026 91.3868 5.58652
190.208 -1.1951 0 177.807 91.3234 5.88916
190.208 -1.1951 0 177.58 91.2642 6.18139
190.208 -1.1951 0 177.363 91.214 6.45639
190.208 -1.1951 0 177.177 91.1584 6.70144
190.208 -1.1951 0 176.997 91.0927 6.93499
190.208 -1.1951 0 176.865 91.026 7.13901
190.208 -1.1951 0 176.757 90.9467 7.33091
190.208 -1.1951 0 176.68 90.8562 7.50157
190.208 -1.1951 0 176.633 90.7581 7.62677
190.208 -1.1951 0 176.602 90.6456 7.74468
190.208 -1.1951 0 176.586 90.5413 7.84287
190.208 -1.1951 0 176.559 90.4635 7.93154
190.208 -1.1951 0 176.515 90.4174 8.02092
190.208 -1.1951 0 176.442 90.4071 8.11948
190.208 -1.1951 0 176.349 90.4339 8.21768
190.208 -1.1951 0 176.215 90.5056 8.32669
190.208 -1.1951 0 176.043 90.6272 8.42865
190.208 -1.1951 0 175.862 90.7818 8.52079
190.208 -1.1951 0 175.638 90.9858 8.61582
190.208 -1.1951 0 175.398 91.2207 8.69839
190.208 -1.1951 0 175.156 91.472 8.7728
190.208 -1.1951 0 174.899 91.7719 8.84062
190.208 -1.1951 0 174.638 92.0925 8.8936
190.208 -1.1951 0 174.395 92.4157 8.93405
190.208 -1.1951 0 174.153 92.7604 8.96174
190.208 -1.1951 0 173.933 93.1139 8.97828
190.208 -1.1951 0 173.736 93.4414 8.97919
190.208 -1.1951 0 173.547 93.775 8.97622
190.208 -1.1951 0 173.381 94.0831 8.96358
190.208 -1.1951 0 173.254 94.3412 8.94715
190.208 -1.1951 0 173.168 94.5613 8.92212
190.208 -1.1951 0 173.135 94.7178 8.88727
190.208 -1.1951 0 173.167 94.8063 8.82348
190.208 -1.1951 0 173.257 94.8192 8.72266
190.208 -1.1951 0 173.408 94.7743 8.58471
190.208 -1.1951 0 173.591 94.6833 8.42234
190.208 -1.1951 0 173.816 94.5426 8.23235
190.208 -1.1951 0 174.057 94.3765 8.03989
190.208 -1.1951 0 174.302 94.1998 7.84683
190.208 -1.1951 0 174.561 94.0076 7.6328
190.208 -1.1951 0 174.828 93.806 7.42464
190.208 -1.1951 0 175.063 93.6174 7.25724
190.208 -1.1951 0 175.281 93.4252 7.10037
190.208 -1.1951 0 175.477 93.246 6.95889
190.208 -1.1951 0 175.634 93.0823 6.84016
190.208 -1.1951 0 175.781 92.9216 6.71787
190.208 -1.1951 0 175.896 92.7663 6.62096
190.208 -1.1951 0 175.976 92.6399 6.55528
190.208 -1.1951 0 176.032 92.5324 6.51189
190.208 -1.1951 0 176.05 92.4579 6.48158
190.208 -1.1951 0 176.048 92.4091 6.46919
190.208 -1.1951 0 176.013 92.3949 6.47709
190.208 -1.1951 0 175.964 92.4014 6.49274
190.208 -1.1951 0 175.889 92.4271 6.53633
190.208 -1.1951 0 175.785 92.4705 6.59515
190.208 -1.1951 0 175.652 92.5382 6.68054
190.208 -1.1951 0 175.471 92.6256 6.79258
190.208 -1.1951 0 175.254 92.7307 6.93987
190.208 -1.1951 0 175.011 92.8482 7.10087
190.208 -1.1951 0 174.736 92.9781 7.28552
190.208 -1.1951 0 174.44 93.1218 7.48397
190.208 -1.1951 0 174.13 93.2805 7.68673
190.208 -1.1951 0 173.829 93.4354 7.87815
190.208 -1.1951 0 173.523 93.6 8.05899
190.208 -1.1951 0 173.254 93.7483 8.21518
190.208 -1.1951 0 173.007 93.9066 8.36498
190.208 -1.1951 0 172.8 94.0484 8.48171
190.208 -1.1951 0 172.659 94.1716 8.54598
190.208 -1.1951 0 172.557 94.2897 8.58403
190.208 -1.1951 0 172.509 94.3817 8.57851
190.208 -1.1951 0 172.522 94.4329 8.54305
190.208 -1.1951 0 172.595 94.461 8.47817
190.208 -1.1951 0 172.714 94.4571 8.38886
190.208 -1.1951 0 172.866 94.4186 8.27078
190.208 -1.1951 0 173.085 94.3408 8.1174
190.208 -1.1951 0 173.345 94.2132 7.93626
190.208 -1.1951 0 173.891 93.9059 7.55813
190.208 -1.1951 0 174.147 93.7546 7.36893
190.208 -1.1951 0 174.4 93.608 7.17608
190.208 -1.1951 0 174.588 93.4894 7.01375
190.208 -1.1951 0 174.7 93.404 6.91433
190.208 -1.1951 0 174.75 93.3482 6.86552
190.208 -1.1951 0 174.721 93.3295 6.86272
190.208 -1.1951 0 174.641 93.3407 6.87372
190.208 -1.1951 0 174.541 93.3708 6.89
190.208 -1.1951 0 174.437 93.406 6.91047
190.208 -1.1951 0 174.345 93.4325 6.92889
190.208 -1.1951 0 174.261 93.4605 6.94353
190.208 -1.1951 0 174.218 93.4803 6.95337
190.208 -1.1951 0 174.138 93.5262 6.95793
190.208 -1.1951 0 174.101 93.5703 6.96382
190.208 -1.1951 0 174.078 93.5941 6.96807
190.208 -1.1951 0 174.027 93.6711 6.99271
190.208 -1.1951 0 174.008 93.7027 7.00982
190.208 -1.1951 0 173.986 93.7393 7.02599
190.208 -1.1951 0 173.951 93.7795 7.05518
190.208 -1.1951 0 173.903 93.8297 7.10332
190.208 -1.1951 0 173.887 93.8384 7.11539
190.208 -1.1951 0 173.875 93.842 7.12318
190.208 -1.1951 0 173.869 93.8471 7.13268
190.208 -1.1951 0 173.863 93.8407 7.14233
190.208 -1.1951 0 173.856 93.8279 7.14599
190.208 -1.1951 0 173.857 93.8051 7.14631
190.208 -1.1951 0 173.864 93.7722 7.14849
190.208 -1.1951 0 173.868 93.7379 7.14373
190.208 -1.1951 0 173.878 93.705 7.13547
190.208 -1.1951 0 173.9 93.6277 7.11382
190.208 -1.1951 0 173.907 93.5998 7.1046
190.208 -1.1951 0 173.917 93.5668 7.09628
190.208 -1.1951 0 173.929 93.5288 7.09409
% Time used: 25.265 seconds.
