%Epsilons: 1) 1, 2) 5.5, 3) 10
%Fx Fy Fz Xd Yd Zd Xr Yr Zr
%
82.4782 144.6 0 82.4875 144.61 -0.0190404
82.4782 144.6 0 82.4912 144.614 -0.036281
82.4782 144.6 0 82.5027 144.619 -0.0533908
82.4782 144.6 0 82.5163 144.619 -0.0685714
82.4782 144.6 0 82.53 144.619 -0.0837644
82.4782 144.6 0 82.5525 144.614 -0.104631
82.4782 144.6 0 82.5772 144.604 -0.123594
82.4782 144.6 0 82.5908 144.593 -0.138873
82.4782 144.6 0 82.602 144.576 -0.156156
82.4782 144.6 0 82.6143 144.559 -0.165726
82.4782 144.6 0 82.6154 144.542 -0.171598
82.4782 144.6 0 82.6208 144.526 -0.173566
82.4782 144.6 0 82.6194 144.498 -0.167998
82.4782 144.6 0 82.6158 144.476 -0.164356
82.4782 144.6 0 82.6209 144.444 -0.152993
82.4782 144.6 0 82.6195 144.417 -0.147464
82.4782 144.6 0 82.6236 144.395 -0.143749
82.4782 144.6 0 82.63 144.38 -0.138036
82.4782 144.6 0 82.6333 144.368 -0.141948
82.4782 144.6 0 82.6354 144.363 -0.140048
82.4782 144.6 0 82.6376 144.358 -0.138146
82.4782 144.6 0 82.6288 144.356 -0.145966
82.4782 144.6 0 82.6278 144.356 -0.153688
82.4782 144.6 0 82.618 144.353 -0.169226
82.4782 144.6 0 82.6182 144.347 -0.182762
82.4782 144.6 0 82.6183 144.34 -0.196298
82.4782 144.6 0 82.6228 144.334 -0.205925
82.4782 144.6 0 82.6297 144.327 -0.227082
82.4782 144.6 0 82.6398 144.316 -0.238626
82.4782 144.6 0 82.6465 144.298 -0.259903
82.4782 144.6 0 82.6596 144.264 -0.275516
82.4782 144.6 0 82.6816 144.226 -0.296901
82.4782 144.6 0 82.6988 144.164 -0.3225
82.4782 144.6 0 82.7191 144.091 -0.352144
82.4782 144.6 0 82.7314 144.006 -0.382124
82.4782 144.6 0 82.7485 143.893 -0.414569
82.4782 144.6 0 82.7659 143.759 -0.439942
82.4782 144.6 0 82.786 143.613 -0.469679
82.4782 144.6 0 82.8062 143.439 -0.506219
82.4782 144.6 0 82.8351 143.249 -0.541739
82.4782 144.6 0 82.8688 143.053 -0.579942
82.4782 144.6 0 82.9128 142.829 -0.629347
82.4782 144.6 0 82.9674 142.589 -0.68988
82.4782 144.6 0 83.0343 142.354 -0.753166
82.4782 144.6 0 83.1161 142.108 -0.837341
82.4782 144.6 0 83.2131 141.861 -0.942123
82.4782 144.6 0 83.3068 141.642 -1.05635
82.4782 144.6 0 83.4129 141.416 -1.19338
82.4782 144.6 0 83.519 141.213 -1.3303
82.4782 144.6 0 83.6309 141.003 -1.4823
82.4782 144.6 0 83.7452 140.805 -1.63866
82.4782 144.6 0 83.8512 140.617 -1.79511
82.4782 144.6 0 83.9731 140.429 -1.96471
82.4782 144.6 0 84.1008 140.253 -2.14257
82.4782 144.6 0 84.2264 140.089 -2.30904
82.4782 144.6 0 84.3569 139.924 -2.48456
82.4782 144.6 0 84.4857 139.766 -2.65487
82.4782 144.6 0 84.6143 139.618 -2.8253
82.4782 144.6 0 84.7427 139.488 -2.9895
82.4782 144.6 0 84.8744 139.357 -3.17037
82.4782 144.6 0 85.0065 139.239 -3.33195
82.4782 144.6 0 85.1465 139.12 -3.50676
82.4782 144.6 0 85.2789 139.013 -3.68093
82.4782 144.6 0 85.4058 138.923 -3.84037
82.4782 144.6 0 85.5406 138.832 -4.01306
82.4782 144.6 0 85.6653 138.759 -4.1743
82.4782 144.6 0 85.7741 138.697 -4.32186
82.4782 144.6 0 85.8833 138.64 -4.47535
82.4782 144.6 0 85.9876 138.595 -4.61997
82.4782 144.6 0 86.081 138.555 -4.75355
82.4782 144.6 0 86.1721 138.521 -4.88866
82.4782 144.6 0 86.257 138.487 -5.01565
82.4782 144.6 0 86.338 138.453 -5.12693
82.4782 144.6 0 86.417 138.425 -5.23964
82.4782 144.6 0 86.4994 138.392 -5.34402
82.4782 144.6 0 86.5733 138.358 -5.43585
82.4782 144.6 0 86.6552 138.325 -5.54081
82.4782 144.6 0 86.7394 138.291 -5.65039
82.4782 144.6 0 86.8161 138.264 -5.75273
82.4782 144.6 0 86.9061 138.236 -5.87698
82.4782 144.6 0 87.0043 138.214 -6.00822
82.4782 144.6 0 87.0935 138.203 -6.14511
82.4782 144.6 0 87.1978 138.192 -6.29673
82.4782 144.6 0 87.3127 138.187 -6.45995
82.4782 144.6 0 87.4219 138.182 -6.6268
82.4782 144.6 0 87.5542 138.183 -6.81564
82.4782 144.6 0 87.689 138.19 -7.01514
82.4782 144.6 0 87.8262 138.186 -7.20166
82.4782 144.6 0 87.9632 138.188 -7.39448
82.4782 144.6 0 88.1069 138.19 -7.58977
82.4782 144.6 0 88.2338 138.186 -7.76546
82.4782 144.6 0 88.3849 138.183 -7.96327
82.4782 144.6 0 88.5052 138.174 -8.10241
82.4782 144.6 0 88.6139 138.16 -8.24228
82.4782 144.6 0 88.7498 138.129 -8.39712
82.4782 144.6 0 88.8508 138.097 -8.51264
82.4782 144.6 0 88.9592 138.049 -8.63045
82.4782 144.6 0 89.0823 137.984 -8.75256
82.4782 144.6 0 89.1998 137.914 -8.86067
82.4782 144.6 0 89.3291 137.826 -8.98062
82.4782 144.6 0 89.4654 137.722 -9.1034
82.4782 144.6 0 89.594 137.606 -9.2306
82.4782 144.6 0 89.7367 137.456 -9.36296
82.4782 144.6 0 89.8783 137.289 -9.49654
82.4782 144.6 0 90.0137 137.115 -9.61638
82.4782 144.6 0 90.1555 136.913 -9.74534
82.4782 144.6 0 90.2915 136.71 -9.86612
82.4782 144.6 0 90.4121 136.507 -9.97159
82.4782 144.6 0 90.5362 136.286 -10.0759
82.4782 144.6 0 90.6524 136.065 -10.167
82.4782 144.6 0 90.7509 135.872 -10.2435
82.4782 144.6 0 90.8517 135.679 -10.3135
82.4782 144.6 0 90.9368 135.509 -10.3677
82.4782 144.6 0 90.9948 135.378 -10.4054
82.4782 144.6 0 91.0518 135.288 -10.4262
82.4782 144.6 0 91.0799 135.273 -10.4194
82.4782 144.6 0 91.0621 135.313 -10.3926
82.4782 144.6 0 91.0086 135.398 -10.347
82.4782 144.6 0 91.007 135.357 -0.0572157
82.4782 144.6 0 91.0239 135.303 -0.0943279
82.4782 144.6 0 91.0492 135.249 -0.123529
82.4782 144.6 0 91.0802 135.191 -0.149881
82.4782 144.6 0 91.1109 135.125 -0.176996
82.4782 144.6 0 91.139 135.052 -0.191338
82.4782 144.6 0 91.1605 134.965 -0.210148
82.4782 144.6 0 91.1814 134.863 -0.230256
82.4782 144.6 0 91.1968 134.753 -0.26111
82.4782 144.6 0 91.2069 134.639 -0.302393
82.4782 144.6 0 91.2326 134.501 -0.330194
82.4782 144.6 0 91.2803 134.348 -0.340713
82.4782 144.6 0 91.3382 134.167 -0.348513
82.4782 144.6 0 91.4077 133.963 -0.360009
82.4782 144.6 0 91.48 133.759 -0.37461
82.4782 144.6 0 91.5721 133.532 -0.385729
82.4782 144.6 0 91.6737 133.3 -0.404581
82.4782 144.6 0 91.7799 133.079 -0.43228
82.4782 144.6 0 91.8983 132.844 -0.47093
82.4782 144.6 0 92.0271 132.608 -0.498887
82.4782 144.6 0 92.157 132.395 -0.525619
82.4782 144.6 0 92.2967 132.161 -0.551291
82.4782 144.6 0 92.4372 131.923 -0.593057
82.4782 144.6 0 92.5701 131.689 -0.632404
82.4782 144.6 0 92.7037 131.446 -0.695574
82.4782 144.6 0 92.8494 131.204 -0.761816
82.4782 144.6 0 92.9866 130.977 -0.835117
82.4782 144.6 0 93.1355 130.741 -0.920152
82.4782 144.6 0 93.2836 130.509 -1.00655
82.4782 144.6 0 93.4325 130.295 -1.09153
82.4782 144.6 0 93.5905 130.081 -1.18467
82.4782 144.6 0 93.7469 129.883 -1.28814
82.4782 144.6 0 93.8992 129.712 -1.39058
82.4782 144.6 0 94.0614 129.545 -1.50703
82.4782 144.6 0 94.227 129.387 -1.6253
82.4782 144.6 0 94.3816 129.25 -1.74567
82.4782 144.6 0 94.5411 129.108 -1.87274
82.4782 144.6 0 94.7015 128.98 -2.00523
82.4782 144.6 0 94.847 128.869 -2.13091
82.4782 144.6 0 95.0052 128.763 -2.26556
82.4782 144.6 0 95.154 128.666 -2.39253
82.4782 144.6 0 95.3054 128.572 -2.543
82.4782 144.6 0 95.4647 128.474 -2.68828
82.4782 144.6 0 95.627 128.382 -2.8289
82.4782 144.6 0 95.8022 128.28 -2.99156
82.4782 144.6 0 95.9918 128.179 -3.16737
82.4782 144.6 0 96.1945 128.069 -3.3447
82.4782 144.6 0 96.4022 127.958 -3.50855
82.4782 144.6 0 96.6306 127.832 -3.69707
82.4782 144.6 0 96.8574 127.707 -3.88093
82.4782 144.6 0 97.1054 127.569 -4.07625
82.4782 144.6 0 97.3736 127.429 -4.27199
82.4782 144.6 0 97.6285 127.293 -4.45973
82.4782 144.6 0 97.9013 127.153 -4.66967
82.4782 144.6 0 98.1765 127.017 -4.87748
82.4782 144.6 0 98.4376 126.891 -5.06624
82.4782 144.6 0 98.7095 126.769 -5.2677
82.4782 144.6 0 98.9726 126.656 -5.4621
82.4782 144.6 0 99.2114 126.553 -5.62567
82.4782 144.6 0 99.4574 126.445 -5.79427
82.4782 144.6 0 99.6888 126.346 -5.95635
82.4782 144.6 0 99.9086 126.253 -6.09162
82.4782 144.6 0 100.126 126.154 -6.23022
82.4782 144.6 0 100.342 126.052 -6.35531
82.4782 144.6 0 100.548 125.955 -6.46279
82.4782 144.6 0 100.759 125.844 -6.56757
82.4782 144.6 0 100.975 125.73 -6.65757
82.4782 144.6 0 101.185 125.606 -6.73909
82.4782 144.6 0 101.514 125.415 -6.85609
82.4782 144.6 0 101.652 125.329 -6.90212
82.4782 144.6 0 101.807 125.231 -6.94992
82.4782 144.6 0 102.028 125.076 -7.01118
82.4782 144.6 0 102.243 124.91 -7.07402
82.4782 144.6 0 102.453 124.743 -7.13286
82.4782 144.6 0 102.674 124.563 -7.1993
82.4782 144.6 0 102.894 124.386 -7.26381
82.4782 144.6 0 103.094 124.226 -7.32432
82.4782 144.6 0 103.293 124.061 -7.38804
82.4782 144.6 0 103.482 123.899 -7.44973
82.4782 144.6 0 103.651 123.754 -7.5133
82.4782 144.6 0 103.815 123.6 -7.57056
82.4782 144.6 0 103.954 123.448 -7.62248
82.4782 144.6 0 104.073 123.3 -7.65797
82.4782 144.6 0 104.174 123.151 -7.69166
82.4782 144.6 0 104.253 123.011 -7.71076
82.4782 144.6 0 104.324 122.851 -7.71489
82.4782 144.6 0 104.369 122.709 -7.71213
82.4782 144.6 0 104.416 122.562 -7.6971
82.4782 144.6 0 104.462 122.395 -7.67717
82.4782 144.6 0 104.508 122.229 -7.65776
82.4782 144.6 0 104.551 122.066 -7.65156
82.4782 144.6 0 104.596 121.893 -7.63797
82.4782 144.6 0 104.657 121.711 -7.62363
82.4782 144.6 0 104.717 121.528 -7.60995
82.4782 144.6 0 104.785 121.345 -7.5897
82.4782 144.6 0 104.854 121.152 -7.57983
82.4782 144.6 0 104.925 120.963 -7.56929
82.4782 144.6 0 105.01 120.759 -7.56337
82.4782 144.6 0 105.101 120.549 -7.55969
82.4782 144.6 0 105.193 120.344 -7.56601
82.4782 144.6 0 105.29 120.118 -7.56858
82.4782 144.6 0 105.385 119.886 -7.57382
82.4782 144.6 0 105.482 119.664 -7.57715
82.4782 144.6 0 105.587 119.426 -7.58615
82.4782 144.6 0 105.688 119.182 -7.598
82.4782 144.6 0 105.785 118.952 -7.6135
82.4782 144.6 0 105.882 118.695 -7.63467
82.4782 144.6 0 105.97 118.438 -7.6572
82.4782 144.6 0 106.047 118.2 -7.67795
82.4782 144.6 0 106.11 117.935 -7.69744
82.4782 144.6 0 106.161 117.659 -7.70374
82.4782 144.6 0 106.195 117.403 -7.70074
82.4782 144.6 0 106.218 117.131 -7.67904
82.4782 144.6 0 106.225 116.863 -7.64596
82.4782 144.6 0 106.223 116.625 -7.60319
82.4782 144.6 0 106.217 116.382 -7.55242
82.4782 144.6 0 106.204 116.148 -7.49533
82.4782 144.6 0 106.194 115.94 -7.4477
82.4782 144.6 0 106.189 115.731 -7.40081
82.4782 144.6 0 106.192 115.527 -7.35991
82.4782 144.6 0 106.205 115.339 -7.32828
82.4782 144.6 0 106.231 115.145 -7.29207
82.4782 144.6 0 106.264 114.95 -7.26722
82.4782 144.6 0 106.305 114.766 -7.25344
82.4782 144.6 0 106.357 114.565 -7.24267
82.4782 144.6 0 106.414 114.374 -7.23943
82.4782 144.6 0 106.485 114.172 -7.24822
82.4782 144.6 0 106.561 113.97 -7.26506
82.4782 144.6 0 106.632 113.783 -7.28011
82.4782 144.6 0 106.714 113.585 -7.30382
82.4782 144.6 0 106.798 113.382 -7.3269
82.4782 144.6 0 106.882 113.194 -7.35538
82.4782 144.6 0 106.971 112.994 -7.38547
82.4782 144.6 0 107.068 112.789 -7.42242
82.4782 144.6 0 107.169 112.594 -7.46706
82.4782 144.6 0 107.274 112.383 -7.51571
82.4782 144.6 0 107.393 112.16 -7.55963
82.4782 144.6 0 107.498 111.947 -7.60336
82.4782 144.6 0 107.615 111.718 -7.65553
82.4782 144.6 0 107.737 111.482 -7.70433
82.4782 144.6 0 107.844 111.268 -7.75904
82.4782 144.6 0 107.967 111.048 -7.82545
82.4782 144.6 0 108.096 110.833 -7.89863
82.4782 144.6 0 108.226 110.639 -7.97833
82.4782 144.6 0 108.369 110.439 -8.06629
82.4782 144.6 0 108.519 110.25 -8.15518
82.4782 144.6 0 108.669 110.077 -8.25655
82.4782 144.6 0 108.836 109.904 -8.37551
82.4782 144.6 0 109.004 109.748 -8.51098
82.4782 144.6 0 109.168 109.619 -8.65005
82.4782 144.6 0 109.353 109.5 -8.79895
82.4782 144.6 0 109.531 109.393 -8.94752
82.4782 144.6 0 109.697 109.308 -9.09357
82.4782 144.6 0 109.862 109.229 -9.24594
82.4782 144.6 0 110.028 109.155 -9.39347
82.4782 144.6 0 110.178 109.093 -9.53502
82.4782 144.6 0 110.325 109.031 -9.67354
82.4782 144.6 0 110.458 108.979 -9.79854
82.4782 144.6 0 110.58 108.934 -9.90884
82.4782 144.6 0 110.712 108.888 -10.014
82.4782 144.6 0 110.839 108.843 -10.1116
82.4782 144.6 0 110.959 108.797 -10.1862
82.4782 144.6 0 111.079 108.74 -10.2554
82.4782 144.6 0 111.203 108.666 -10.3072
82.4782 144.6 0 111.321 108.587 -10.3461
82.4782 144.6 0 111.451 108.491 -10.3842
82.4782 144.6 0 111.58 108.383 -10.4129
82.4782 144.6 0 111.707 108.276 -10.4265
82.4782 144.6 0 111.838 108.151 -10.4383
82.4782 144.6 0 111.973 108.021 -10.4427
82.4782 144.6 0 112.103 107.891 -10.4391
82.4782 144.6 0 112.243 107.743 -10.4423
82.4782 144.6 0 112.374 107.608 -10.4391
82.4782 144.6 0 112.523 107.461 -10.438
82.4782 144.6 0 112.674 107.313 -10.442
82.4782 144.6 0 112.805 107.183 -10.4458
82.4782 144.6 0 112.935 107.053 -10.4616
82.4782 144.6 0 113.053 106.94 -10.4785
82.4782 144.6 0 113.14 106.861 -10.4952
82.4782 144.6 0 113.199 106.816 -10.5041
82.4782 144.6 0 113.195 106.821 -10.5004
82.4782 144.6 0 113.126 106.889 -10.4855
82.4782 144.6 0 112.999 107.014 -10.445
82.4782 144.6 0 113.097 106.78 0.00488621
82.4782 144.6 0 113.215 106.537 0.0172764
82.4782 144.6 0 113.352 106.264 0.042564
82.4782 144.6 0 113.479 105.978 0.0950486
82.4782 144.6 0 113.58 105.687 0.150282
82.4782 144.6 0 113.672 105.346 0.195356
82.4782 144.6 0 113.768 104.977 0.227909
82.4782 144.6 0 113.868 104.619 0.266214
82.4782 144.6 0 113.98 104.241 0.317262
82.4782 144.6 0 114.088 103.868 0.373354
82.4782 144.6 0 114.179 103.528 0.416742
82.4782 144.6 0 114.278 103.173 0.461155
82.4782 144.6 0 114.384 102.813 0.515037
82.4782 144.6 0 114.488 102.466 0.575046
82.4782 144.6 0 114.599 102.095 0.652393
82.4782 144.6 0 114.707 101.726 0.735496
82.4782 144.6 0 114.806 101.38 0.808023
82.4782 144.6 0 114.909 101.018 0.883623
82.4782 144.6 0 115.018 100.655 0.963152
82.4782 144.6 0 115.111 100.32 1.03512
82.4782 144.6 0 115.211 99.9733 1.11657
82.4782 144.6 0 115.302 99.667 1.18701
82.4782 144.6 0 115.377 99.4072 1.22957
82.4782 144.6 0 115.452 99.1515 1.25093
82.4782 144.6 0 115.557 98.891 1.2734
82.4782 144.6 0 115.666 98.6334 1.29802
82.4782 144.6 0 115.794 98.3501 1.33188
82.4782 144.6 0 115.916 98.0826 1.35654
82.4782 144.6 0 116.062 97.808 1.38072
82.4782 144.6 0 116.211 97.5504 1.39362
82.4782 144.6 0 116.37 97.2912 1.39649
82.4782 144.6 0 116.526 97.0413 1.39549
82.4782 144.6 0 116.708 96.7685 1.40321
82.4782 144.6 0 116.878 96.5119 1.40141
82.4782 144.6 0 117.052 96.2494 1.39709
82.4782 144.6 0 117.217 96.0037 1.38074
82.4782 144.6 0 117.357 95.7866 1.35995
82.4782 144.6 0 117.505 95.5644 1.33415
82.4782 144.6 0 117.652 95.3533 1.31165
82.4782 144.6 0 117.787 95.1572 1.30212
82.4782 144.6 0 117.923 94.956 1.29679
82.4782 144.6 0 118.051 94.7696 1.28958
82.4782 144.6 0 118.159 94.6059 1.28191
82.4782 144.6 0 118.259 94.441 1.27319
82.4782 144.6 0 118.359 94.2799 1.27684
82.4782 144.6 0 118.454 94.1349 1.2858
82.4782 144.6 0 118.557 93.9856 1.29975
82.4782 144.6 0 118.656 93.8396 1.31062
82.4782 144.6 0 118.756 93.6972 1.32166
82.4782 144.6 0 118.873 93.5466 1.33056
82.4782 144.6 0 118.999 93.3955 1.33553
82.4782 144.6 0 119.125 93.2478 1.33097
82.4782 144.6 0 119.264 93.0787 1.3339
82.4782 144.6 0 119.417 92.9012 1.34981
82.4782 144.6 0 119.564 92.7352 1.36091
82.4782 144.6 0 119.728 92.5519 1.37343
82.4782 144.6 0 119.889 92.3716 1.38245
82.4782 144.6 0 120.061 92.1911 1.40277
82.4782 144.6 0 120.226 92.0226 1.42167
82.4782 144.6 0 120.404 91.8492 1.43469
82.4782 144.6 0 120.575 91.6787 1.43786
82.4782 144.6 0 120.772 91.4952 1.44205
82.4782 144.6 0 120.965 91.3059 1.44708
82.4782 144.6 0 121.154 91.1245 1.45284
82.4782 144.6 0 121.35 90.9334 1.45777
82.4782 144.6 0 121.555 90.728 1.47061
82.4782 144.6 0 121.744 90.5208 1.4828
82.4782 144.6 0 121.935 90.2896 1.50439
82.4782 144.6 0 122.118 90.0569 1.53494
82.4782 144.6 0 122.276 89.8403 1.56404
82.4782 144.6 0 122.44 89.609 1.60124
82.4782 144.6 0 122.591 89.3902 1.64881
82.4782 144.6 0 122.77 89.12 1.72671
82.4782 144.6 0 122.871 88.9587 1.77932
82.4782 144.6 0 123.007 88.7462 1.85172
82.4782 144.6 0 123.136 88.5467 1.92453
82.4782 144.6 0 123.282 88.3232 2.01237
82.4782 144.6 0 123.427 88.1035 2.10431
82.4782 144.6 0 123.577 87.8876 2.18933
82.4782 144.6 0 123.735 87.6565 2.27894
82.4782 144.6 0 123.905 87.42 2.37535
82.4782 144.6 0 124.075 87.1676 2.47696
82.4782 144.6 0 124.247 86.9041 2.58487
82.4782 144.6 0 124.402 86.6483 2.68262
82.4782 144.6 0 124.566 86.3717 2.78619
82.4782 144.6 0 124.73 86.0785 2.89461
82.4782 144.6 0 124.873 85.7979 2.99116
82.4782 144.6 0 125.01 85.4953 3.09506
82.4782 144.6 0 125.135 85.1958 3.1972
82.4782 144.6 0 125.236 84.9194 3.29133
82.4782 144.6 0 125.331 84.6364 3.38713
82.4782 144.6 0 125.403 84.3719 3.48073
82.4782 144.6 0 125.455 84.1422 3.57365
82.4782 144.6 0 125.484 83.9162 3.67433
82.4782 144.6 0 125.483 83.7094 3.77428
82.4782 144.6 0 125.45 83.517 3.88684
82.4782 144.6 0 125.395 83.3601 3.99224
82.4782 144.6 0 125.31 83.213 4.1116
82.4782 144.6 0 125.202 83.0915 4.23836
82.4782 144.6 0 125.055 82.9955 4.37784
82.4782 144.6 0 124.882 82.915 4.52783
82.4782 144.6 0 124.701 82.8607 4.67186
82.4782 144.6 0 124.483 82.8272 4.83943
82.4782 144.6 0 124.249 82.8096 5.0116
82.4782 144.6 0 124.017 82.8132 5.18861
82.4782 144.6 0 123.757 82.8377 5.38301
82.4782 144.6 0 123.494 82.8833 5.57836
82.4782 144.6 0 123.243 82.9395 5.76315
82.4782 144.6 0 122.968 83.0112 5.962
82.4782 144.6 0 122.689 83.0932 6.15055
82.4782 144.6 0 122.419 83.165 6.32147
82.4782 144.6 0 122.139 83.2316 6.49818
82.4782 144.6 0 121.852 83.283 6.67331
82.4782 144.6 0 121.591 83.3139 6.84914
82.4782 144.6 0 121.331 83.3296 7.03451
82.4782 144.6 0 121.1 83.3299 7.21294
82.4782 144.6 0 120.876 83.3098 7.40705
82.4782 144.6 0 120.675 83.2692 7.59684
82.4782 144.6 0 120.512 83.208 7.76618
82.4782 144.6 0 120.361 83.121 7.94044
82.4782 144.6 0 120.254 82.9978 8.11141
82.4782 144.6 0 120.18 82.8638 8.25961
82.4782 144.6 0 120.132 82.7089 8.40226
82.4782 144.6 0 120.132 82.5326 8.52358
82.4782 144.6 0 120.164 82.3557 8.61545
82.4782 144.6 0 120.242 82.1522 8.68367
82.4782 144.6 0 120.348 81.9271 8.73522
82.4782 144.6 0 120.48 81.6906 8.78041
82.4782 144.6 0 120.632 81.4531 8.81864
82.4782 144.6 0 120.805 81.1883 8.85058
82.4782 144.6 0 120.988 80.9174 8.87214
82.4782 144.6 0 121.169 80.6562 8.87414
82.4782 144.6 0 121.359 80.3675 8.86431
82.4782 144.6 0 121.551 80.0777 8.84857
82.4782 144.6 0 121.74 79.8031 8.82939
82.4782 144.6 0 121.934 79.522 8.81322
82.4782 144.6 0 122.113 79.2726 8.78909
82.4782 144.6 0 122.291 79.0279 8.75793
82.4782 144.6 0 122.471 78.8042 8.72643
82.4782 144.6 0 122.642 78.6018 8.69829
82.4782 144.6 0 122.808 78.3989 8.67222
82.4782 144.6 0 122.96 78.2067 8.65642
82.4782 144.6 0 123.092 78.0306 8.64253
82.4782 144.6 0 123.224 77.8486 8.64001
82.4782 144.6 0 123.344 77.672 8.63886
82.4782 144.6 0 123.451 77.5004 8.65766
82.4782 144.6 0 123.547 77.3232 8.68452
82.4782 144.6 0 123.627 77.1567 8.72301
82.4782 144.6 0 123.686 76.9956 8.76362
82.4782 144.6 0 123.752 76.8286 8.80871
82.4782 144.6 0 123.814 76.6614 8.85708
82.4782 144.6 0 123.881 76.5107 8.89748
82.4782 144.6 0 123.965 76.3542 8.93849
82.4782 144.6 0 124.047 76.203 8.97784
82.4782 144.6 0 124.148 76.0293 9.03241
82.4782 144.6 0 124.257 75.8441 9.09238
82.4782 144.6 0 124.374 75.6474 9.16509
82.4782 144.6 0 124.482 75.4562 9.23618
82.4782 144.6 0 124.593 75.2648 9.31028
82.4782 144.6 0 124.692 75.0902 9.38068
82.4782 144.6 0 124.795 74.9041 9.46024
82.4782 144.6 0 124.888 74.7122 9.54444
82.4782 144.6 0 124.97 74.5371 9.63272
82.4782 144.6 0 125.054 74.3563 9.72916
82.4782 144.6 0 125.144 74.1811 9.82393
82.4782 144.6 0 125.223 74.0227 9.9041
82.4782 144.6 0 125.326 73.8589 9.9841
82.4782 144.6 0 125.428 73.6892 10.0571
82.4782 144.6 0 125.535 73.531 10.1274
82.4782 144.6 0 125.651 73.3559 10.2113
82.4782 144.6 0 125.769 73.1925 10.2965
82.4782 144.6 0 125.876 73.0404 10.3797
82.4782 144.6 0 125.986 72.8768 10.4644
82.4782 144.6 0 126.092 72.7249 10.5469
82.4782 144.6 0 126.19 72.5727 10.6294
82.4782 144.6 0 126.292 72.4036 10.7218
82.4782 144.6 0 126.397 72.2345 10.8098
82.4782 144.6 0 126.504 72.0712 10.8924
82.4782 144.6 0 126.616 71.8906 10.973
82.4782 144.6 0 126.723 71.7158 11.0564
82.4782 144.6 0 126.829 71.5469 11.1384
82.4782 144.6 0 126.927 71.3718 11.2213
82.4782 144.6 0 127.02 71.2027 11.3071
82.4782 144.6 0 127.107 71.039 11.3881
82.4782 144.6 0 127.2 70.8699 11.473
82.4782 144.6 0 127.287 70.7066 11.561
82.4782 144.6 0 127.364 70.5659 11.6343
82.4782 144.6 0 127.445 70.4256 11.7111
82.4782 144.6 0 127.52 70.2967 11.7825
82.4782 144.6 0 127.594 70.179 11.8403
82.4782 144.6 0 127.667 70.0673 11.8973
82.4782 144.6 0 127.733 69.9668 11.9491
82.4782 144.6 0 127.788 69.9006 11.9854
82.4782 144.6 0 127.825 69.8682 12.0068
82.4782 144.6 0 127.827 69.8861 12.0085
82.4782 144.6 0 127.831 69.9086 11.9776
82.4782 144.6 0 127.846 69.9257 11.9424
82.4782 144.6 0 127.849 69.9548 11.9308
82.4782 144.6 0 127.884 69.6737 0.0863465
82.4782 144.6 0 127.953 69.3604 0.189275
82.4782 144.6 0 128.036 69.0366 0.302014
82.4782 144.6 0 128.128 68.6637 0.436269
82.4782 144.6 0 128.211 68.283 0.575192
82.4782 144.6 0 128.287 67.8459 0.730288
82.4782 144.6 0 128.346 67.3734 0.901511
82.4782 144.6 0 128.394 66.8998 1.08013
82.4782 144.6 0 128.443 66.3653 1.28242
82.4782 144.6 0 128.481 65.8131 1.48876
82.4782 144.6 0 128.515 65.2828 1.69191
82.4782 144.6 0 128.542 64.7196 1.90773
82.4782 144.6 0 128.568 64.1666 2.13622
82.4782 144.6 0 128.596 63.6717 2.34471
82.4782 144.6 0 128.634 63.1719 2.56343
82.4782 144.6 0 128.675 62.6993 2.76976
82.4782 144.6 0 128.718 62.2546 2.96739
82.4782 144.6 0 128.756 61.8509 3.14821
82.4782 144.6 0 128.788 61.4395 3.33539
82.4782 144.6 0 128.791 61.071 3.51749
82.4782 144.6 0 128.764 60.7215 3.7167
82.4782 144.6 0 128.683 60.4177 3.92509
82.4782 144.6 0 128.582 60.1472 4.13135
82.4782 144.6 0 128.436 59.8816 4.35375
82.4782 144.6 0 128.254 59.6294 4.59592
82.4782 144.6 0 128.049 59.403 4.85663
82.4782 144.6 0 127.843 59.2108 5.1071
82.4782 144.6 0 127.613 59.0325 5.36638
82.4782 144.6 0 127.396 58.8698 5.63235
82.4782 144.6 0 127.194 58.7363 5.88495
82.4782 144.6 0 127.001 58.6013 6.14708
82.4782 144.6 0 126.834 58.478 6.38421
82.4782 144.6 0 126.658 58.3499 6.63581
82.4782 144.6 0 126.493 58.2287 6.89436
82.4782 144.6 0 126.348 58.1148 7.13407
82.4782 144.6 0 126.201 57.9996 7.39334
82.4782 144.6 0 126.053 57.8929 7.64464
82.4782 144.6 0 125.911 57.799 7.88383
82.4782 144.6 0 125.765 57.7089 8.12868
82.4782 144.6 0 125.629 57.6134 8.36966
82.4782 144.6 0 125.517 57.5211 8.58978
82.4782 144.6 0 125.418 57.4096 8.81251
82.4782 144.6 0 125.353 57.2918 9.01418
82.4782 144.6 0 125.299 57.1601 9.20757
82.4782 144.6 0 125.273 57.0218 9.38866
82.4782 144.6 0 125.27 56.8777 9.55387
82.4782 144.6 0 125.286 56.7139 9.71702
82.4782 144.6 0 125.331 56.5343 9.86871
82.4782 144.6 0 125.394 56.3492 10.0032
82.4782 144.6 0 125.488 56.1292 10.1363
82.4782 144.6 0 125.604 55.8886 10.2608
82.4782 144.6 0 125.739 55.6463 10.3716
82.4782 144.6 0 125.896 55.3675 10.4971
82.4782 144.6 0 126.071 55.0624 10.6231
82.4782 144.6 0 126.239 54.7613 10.7385
82.4782 144.6 0 126.428 54.4232 10.8605
82.4782 144.6 0 126.633 54.0769 10.981
82.4782 144.6 0 126.845 53.7177 11.1066
82.4782 144.6 0 127.057 53.3662 11.2265
82.4782 144.6 0 127.292 52.9805 11.3595
82.4782 144.6 0 127.522 52.6076 11.4876
82.4782 144.6 0 127.76 52.2165 11.6218
82.4782 144.6 0 127.998 51.8122 11.7693
82.4782 144.6 0 128.219 51.4322 11.9079
82.4782 144.6 0 128.454 51.0179 12.0576
82.4782 144.6 0 128.678 50.617 12.2122
82.4782 144.6 0 128.874 50.2518 12.3651
82.4782 144.6 0 129.071 49.884 12.5297
82.4782 144.6 0 129.25 49.5316 12.69
82.4782 144.6 0 129.418 49.2001 12.8354
82.4782 144.6 0 129.596 48.8557 12.9895
82.4782 144.6 0 129.766 48.5266 13.1374
82.4782 144.6 0 129.924 48.2294 13.275
82.4782 144.6 0 130.075 47.9316 13.4178
82.4782 144.6 0 130.207 47.6665 13.5505
82.4782 144.6 0 130.334 47.4121 13.6794
82.4782 144.6 0 130.435 47.1912 13.7985
82.4782 144.6 0 130.527 46.9866 13.9162
82.4782 144.6 0 130.597 46.8156 14.0319
82.4782 144.6 0 130.647 46.6614 14.1496
82.4782 144.6 0 130.666 46.5306 14.264
82.4782 144.6 0 130.665 46.4224 14.3794
82.4782 144.6 0 130.641 46.3256 14.5052
82.4782 144.6 0 130.597 46.2456 14.6439
82.4782 144.6 0 130.533 46.183 14.7775
82.4782 144.6 0 130.457 46.1256 14.9303
82.4782 144.6 0 130.361 46.0798 15.0897
82.4782 144.6 0 130.261 46.0451 15.2462
82.4782 144.6 0 130.148 46.0157 15.4214
82.4782 144.6 0 130.037 45.9863 15.5929
82.4782 144.6 0 129.935 45.9513 15.7553
82.4782 144.6 0 129.843 45.9047 15.9207
82.4782 144.6 0 129.777 45.8522 16.0683
82.4782 144.6 0 129.736 45.7882 16.2029
82.4782 144.6 0 129.714 45.7073 16.325
82.4782 144.6 0 129.71 45.6152 16.4335
82.4782 144.6 0 129.737 45.5114 16.5225
82.4782 144.6 0 129.79 45.3961 16.5985
82.4782 144.6 0 129.858 45.2695 16.6638
82.4782 144.6 0 129.934 45.1316 16.7248
82.4782 144.6 0 130.014 44.9936 16.7822
82.4782 144.6 0 130.088 44.8611 16.8412
82.4782 144.6 0 130.16 44.7116 16.9103
82.4782 144.6 0 130.219 44.5566 16.9861
82.4782 144.6 0 130.282 44.4012 17.0656
82.4782 144.6 0 130.333 44.2346 17.153
82.4782 144.6 0 130.372 44.0565 17.2557
82.4782 144.6 0 130.398 43.8953 17.3647
82.4782 144.6 0 130.404 43.723 17.4808
82.4782 144.6 0 130.397 43.5617 17.6117
82.4782 144.6 0 130.374 43.412 17.746
82.4782 144.6 0 130.35 43.2502 17.9006
82.4782 144.6 0 130.314 43.094 18.0638
82.4782 144.6 0 130.288 42.9548 18.2176
82.4782 144.6 0 130.261 42.8097 18.3723
82.4782 144.6 0 130.255 42.6588 18.5079
82.4782 144.6 0 130.275 42.5135 18.6231
82.4782 144.6 0 130.323 42.3623 18.7124
82.4782 144.6 0 130.4 42.2112 18.7637
82.4782 144.6 0 130.493 42.0603 18.7902
82.4782 144.6 0 130.626 41.9032 18.7952
82.4782 144.6 0 130.775 41.7461 18.7748
82.4782 144.6 0 130.935 41.5949 18.7311
82.4782 144.6 0 131.123 41.438 18.6521
82.4782 144.6 0 131.332 41.2924 18.5532
82.4782 144.6 0 131.546 41.1527 18.4369
82.4782 144.6 0 131.788 41.0128 18.2983
82.4782 144.6 0 132.043 40.8729 18.1321
82.4782 144.6 0 132.293 40.7446 17.9652
82.4782 144.6 0 132.566 40.6047 17.7723
82.4782 144.6 0 132.846 40.4763 17.5639
82.4782 144.6 0 133.109 40.3597 17.3392
82.4782 144.6 0 133.392 40.2488 17.0926
82.4782 144.6 0 133.678 40.1554 16.8332
82.4782 144.6 0 133.939 40.0736 16.5843
82.4782 144.6 0 134.199 39.9977 16.3206
82.4782 144.6 0 134.432 39.9393 16.0791
82.4782 144.6 0 134.658 39.8867 15.831
82.4782 144.6 0 134.847 39.8634 15.5975
82.4782 144.6 0 135 39.8576 15.3921
82.4782 144.6 0 135.127 39.8694 15.2037
82.4782 144.6 0 135.219 39.8872 15.0269
82.4782 144.6 0 135.277 39.9167 14.8918
82.4782 144.6 0 135.306 39.9581 14.7604
82.4782 144.6 0 135.302 40.0171 14.6476
82.4782 144.6 0 135.274 40.0822 14.5543
82.4782 144.6 0 135.235 40.1588 14.4829
82.4782 144.6 0 135.179 40.2357 14.4237
82.4782 144.6 0 135.11 40.3242 14.3787
82.4782 144.6 0 135.038 40.4243 14.3436
82.4782 144.6 0 134.958 40.542 14.3026
82.4782 144.6 0 134.894 40.6653 14.2561
82.4782 144.6 0 134.833 40.7943 14.2047
82.4782 144.6 0 134.772 40.929 14.1598
82.4782 144.6 0 134.717 41.0519 14.1196
82.4782 144.6 0 134.658 41.1863 14.0815
82.4782 144.6 0 134.602 41.3264 14.0347
82.4782 144.6 0 134.55 41.4607 13.9846
82.4782 144.6 0 134.491 41.6067 13.9292
82.4782 144.6 0 134.435 41.7409 13.8824
82.4782 144.6 0 134.38 41.8577 13.8416
82.4782 144.6 0 134.321 41.9689 13.798
82.4782 144.6 0 134.264 42.0801 13.7504
82.4782 144.6 0 134.218 42.1798 13.6929
82.4782 144.6 0 134.181 42.2737 13.6247
82.4782 144.6 0 134.155 42.3616 13.5533
82.4782 144.6 0 134.13 42.4498 13.4707
82.4782 144.6 0 134.12 42.5377 13.3764
82.4782 144.6 0 134.109 42.6316 13.2702
82.4782 144.6 0 134.112 42.7193 13.1681
82.4782 144.6 0 134.124 42.8014 13.0444
82.4782 144.6 0 134.151 42.8719 12.9144
82.4782 144.6 0 134.187 42.9306 12.7859
82.4782 144.6 0 134.244 42.983 12.6497
82.4782 144.6 0 134.314 43.0236 12.5109
82.4782 144.6 0 134.387 43.0585 12.3689
82.4782 144.6 0 134.483 43.0872 12.215
82.4782 144.6 0 134.593 43.1041 12.0542
82.4782 144.6 0 134.71 43.1035 11.9025
82.4782 144.6 0 134.851 43.0852 11.7399
82.4782 144.6 0 134.995 43.0667 11.5835
82.4782 144.6 0 135.172 43.0416 11.4092
82.4782 144.6 0 135.367 43.0047 11.2296
82.4782 144.6 0 135.574 42.9503 11.0499
82.4782 144.6 0 135.801 42.8841 10.8601
82.4782 144.6 0 136.051 42.8059 10.6707
82.4782 144.6 0 136.293 42.7224 10.4805
82.4782 144.6 0 136.569 42.6267 10.2807
82.4782 144.6 0 136.858 42.5194 10.0809
82.4782 144.6 0 137.133 42.4011 9.89692
82.4782 144.6 0 137.42 42.2655 9.71756
82.4782 144.6 0 137.689 42.1303 9.55309
82.4782 144.6 0 137.943 41.9896 9.41609
82.4782 144.6 0 138.187 41.8376 9.29921
82.4782 144.6 0 138.433 41.6626 9.22526
82.4782 144.6 0 138.647 41.4764 9.18836
82.4782 144.6 0 138.874 41.2557 9.1676
82.4782 144.6 0 139.106 41.0178 9.15391
82.4782 144.6 0 139.345 40.7685 9.1422
82.4782 144.6 0 139.614 40.4788 9.11089
82.4782 144.6 0 139.892 40.1837 9.07112
82.4782 144.6 0 140.165 39.9062 9.01539
82.4782 144.6 0 140.46 39.6176 8.94022
82.4782 144.6 0 140.76 39.3236 8.86478
82.4782 144.6 0 141.029 39.0647 8.78974
82.4782 144.6 0 141.296 38.8003 8.71704
82.4782 144.6 0 141.527 38.5648 8.6485
82.4782 144.6 0 141.705 38.3751 8.58832
82.4782 144.6 0 141.852 38.2199 8.52429
82.4782 144.6 0 141.951 38.1046 8.47779
82.4782 144.6 0 142.007 38.0234 8.44028
82.4782 144.6 0 142.031 37.9647 8.40569
82.4782 144.6 0 142.011 37.9459 8.38495
82.4782 144.6 0 141.963 37.9616 8.36908
82.4782 144.6 0 141.893 38.012 8.34853
82.4782 144.6 0 141.814 38.0797 8.31252
82.4782 144.6 0 141.739 38.1298 8.27279
82.4782 144.6 0 141.677 38.1686 8.22207
82.4782 144.6 0 141.644 38.1906 8.17285
82.4782 144.6 0 141.638 38.2192 8.11897
82.4782 144.6 0 141.63 38.2713 8.059
82.4782 144.6 0 141.823 38.0514 -0.0522736
82.4782 144.6 0 142.083 37.8107 -0.156488
82.4782 144.6 0 142.378 37.5833 -0.296613
82.4782 144.6 0 142.709 37.3448 -0.472707
82.4782 144.6 0 143.035 37.1078 -0.686225
82.4782 144.6 0 143.364 36.8656 -0.904304
82.4782 144.6 0 143.727 36.5786 -1.14447
82.4782 144.6 0 144.107 36.2524 -1.37853
82.4782 144.6 0 144.461 35.9206 -1.59013
82.4782 144.6 0 144.827 35.5564 -1.83208
82.4782 144.6 0 145.195 35.1811 -2.0791
82.4782 144.6 0 145.529 34.8299 -2.29953
82.4782 144.6 0 145.857 34.4722 -2.52098
82.4782 144.6 0 146.158 34.1236 -2.72099
82.4782 144.6 0 146.415 33.8041 -2.8916
82.4782 144.6 0 146.671 33.4786 -3.0569
82.4782 144.6 0 146.903 33.1569 -3.21043
82.4782 144.6 0 147.109 32.8651 -3.33944
82.4782 144.6 0 147.31 32.5619 -3.46834
82.4782 144.6 0 147.492 32.2833 -3.59764
82.4782 144.6 0 147.654 32.0402 -3.71606
82.4782 144.6 0 147.823 31.8017 -3.84091
82.4782 144.6 0 147.98 31.5883 -3.97822
82.4782 144.6 0 148.121 31.4058 -4.11155
82.4782 144.6 0 148.272 31.2281 -4.26128
82.4782 144.6 0 148.422 31.0658 -4.41759
82.4782 144.6 0 148.561 30.9242 -4.57244
82.4782 144.6 0 148.699 30.7981 -4.7408
82.4782 144.6 0 148.813 30.7084 -4.92425
82.4782 144.6 0 148.914 30.6554 -5.10691
82.4782 144.6 0 149.003 30.639 -5.31713
82.4782 144.6 0 149.077 30.6489 -5.54085
82.4782 144.6 0 149.134 30.6798 -5.74738
82.4782 144.6 0 149.18 30.7265 -5.97394
82.4782 144.6 0 149.222 30.789 -6.20923
82.4782 144.6 0 149.255 30.862 -6.4374
82.4782 144.6 0 149.29 30.9558 -6.6862
82.4782 144.6 0 149.322 31.06 -6.92407
82.4782 144.6 0 149.345 31.1952 -7.17239
82.4782 144.6 0 149.355 31.356 -7.42972
82.4782 144.6 0 149.37 31.5163 -7.65845
82.4782 144.6 0 149.385 31.6968 -7.90808
82.4782 144.6 0 149.401 31.8716 -8.14879
82.4782 144.6 0 149.424 32.0357 -8.38217
82.4782 144.6 0 149.446 32.1891 -8.59807
82.4782 144.6 0 149.467 32.3522 -8.8245
82.4782 144.6 0 149.49 32.4997 -9.03165
82.4782 144.6 0 149.526 32.6466 -9.23857
82.4782 144.6 0 149.557 32.7882 -9.44728
82.4782 144.6 0 149.597 32.9092 -9.63838
82.4782 144.6 0 149.647 33.0299 -9.83637
82.4782 144.6 0 149.706 33.1403 -10.0377
82.4782 144.6 0 149.771 33.2305 -10.2285
82.4782 144.6 0 149.849 33.3154 -10.4247
82.4782 144.6 0 149.943 33.3802 -10.6243
82.4782 144.6 0 150.04 33.4252 -10.8171
82.4782 144.6 0 150.162 33.455 -11.0226
82.4782 144.6 0 150.297 33.465 -11.239
82.4782 144.6 0 150.438 33.465 -11.4565
82.4782 144.6 0 150.599 33.455 -11.6963
82.4782 144.6 0 150.787 33.4349 -11.9492
82.4782 144.6 0 150.989 33.4047 -12.2083
82.4782 144.6 0 151.2 33.3644 -12.4633
82.4782 144.6 0 151.448 33.309 -12.7463
82.4782 144.6 0 151.697 33.2436 -13.0258
82.4782 144.6 0 151.986 33.1629 -13.3288
82.4782 144.6 0 152.286 33.0721 -13.638
82.4782 144.6 0 152.58 32.9811 -13.9342
82.4782 144.6 0 152.896 32.88 -14.2562
82.4782 144.6 0 153.22 32.7738 -14.5732
82.4782 144.6 0 153.524 32.6676 -14.875
82.4782 144.6 0 153.847 32.5511 -15.2003
82.4782 144.6 0 154.173 32.4194 -15.5237
82.4782 144.6 0 154.475 32.2926 -15.8284
82.4782 144.6 0 154.785 32.1657 -16.1481
82.4782 144.6 0 155.085 32.0439 -16.4661
82.4782 144.6 0 155.348 31.9423 -16.7547
82.4782 144.6 0 155.625 31.8357 -17.0461
82.4782 144.6 0 155.877 31.7394 -17.3169
82.4782 144.6 0 156.101 31.6532 -17.5574
82.4782 144.6 0 156.321 31.567 -17.7925
82.4782 144.6 0 156.514 31.4858 -18.0053
82.4782 144.6 0 156.684 31.4097 -18.1805
82.4782 144.6 0 156.845 31.3334 -18.355
82.4782 144.6 0 156.99 31.2569 -18.5026
82.4782 144.6 0 157.141 31.1648 -18.6444
82.4782 144.6 0 157.277 31.0672 -18.7729
82.4782 144.6 0 157.393 30.9797 -18.8797
82.4782 144.6 0 157.508 30.8869 -18.9777
82.4782 144.6 0 157.612 30.8043 -19.0798
82.4782 144.6 0 157.707 30.7162 -19.1659
82.4782 144.6 0 157.806 30.6175 -19.2465
82.4782 144.6 0 157.914 30.5136 -19.3295
82.4782 144.6 0 158.01 30.404 -19.4069
82.4782 144.6 0 158.121 30.2787 -19.4853
82.4782 144.6 0 158.236 30.1426 -19.5627
82.4782 144.6 0 158.349 30.0063 -19.632
82.4782 144.6 0 158.467 29.8592 -19.7049
82.4782 144.6 0 158.588 29.7065 -19.7823
82.4782 144.6 0 158.708 29.5589 -19.846
82.4782 144.6 0 158.84 29.3899 -19.9167
82.4782 144.6 0 158.982 29.21 -19.9852
82.4782 144.6 0 159.13 29.0246 -20.048
82.4782 144.6 0 159.287 28.8227 -20.1234
82.4782 144.6 0 159.457 28.6207 -20.2015
82.4782 144.6 0 159.622 28.4346 -20.2766
82.4782 144.6 0 159.8 28.2266 -20.3642
82.4782 144.6 0 159.988 28.0075 -20.4553
82.4782 144.6 0 160.171 27.7934 -20.5437
82.4782 144.6 0 160.363 27.5625 -20.6459
82.4782 144.6 0 160.562 27.3313 -20.7579
82.4782 144.6 0 160.743 27.1212 -20.8702
82.4782 144.6 0 160.929 26.911 -20.9876
82.4782 144.6 0 161.099 26.722 -21.1098
82.4782 144.6 0 161.24 26.5706 -21.2297
82.4782 144.6 0 161.363 26.4295 -21.3543
82.4782 144.6 0 161.462 26.3264 -21.4696
82.4782 144.6 0 161.529 26.2612 -21.5719
82.4782 144.6 0 161.583 26.2177 -21.6873
82.4782 144.6 0 161.611 26.2066 -21.7982
82.4782 144.6 0 161.64 26.2069 -21.909
82.4782 144.6 0 161.658 26.2235 -22.0272
82.4782 144.6 0 161.677 26.2514 -22.15
82.4782 144.6 0 161.703 26.2795 -22.2766
82.4782 144.6 0 161.736 26.3135 -22.4172
82.4782 144.6 0 161.777 26.3481 -22.5459
82.4782 144.6 0 161.83 26.3889 -22.6878
82.4782 144.6 0 161.886 26.4355 -22.8293
82.4782 144.6 0 161.937 26.4764 -22.9619
82.4782 144.6 0 161.993 26.5231 -23.1089
82.4782 144.6 0 162.051 26.5643 -23.2608
82.4782 144.6 0 162.097 26.5994 -23.3998
82.4782 144.6 0 162.139 26.6455 -23.5447
82.4782 144.6 0 162.184 26.686 -23.6994
82.4782 144.6 0 162.231 26.7212 -23.854
82.4782 144.6 0 162.277 26.7563 -24.0088
82.4782 144.6 0 162.336 26.7922 -24.1771
82.4782 144.6 0 162.4 26.834 -24.3551
82.4782 144.6 0 162.473 26.8822 -24.5372
82.4782 144.6 0 162.563 26.9371 -24.7378
82.4782 144.6 0 162.654 26.9867 -24.9389
82.4782 144.6 0 162.766 27.0436 -25.1432
82.4782 144.6 0 162.877 27.1008 -25.3434
82.4782 144.6 0 162.985 27.1583 -25.5296
82.4782 144.6 0 163.088 27.21 -25.7171
82.4782 144.6 0 163.188 27.2505 -25.9006
82.4782 144.6 0 163.276 27.2848 -26.0655
82.4782 144.6 0 163.371 27.3029 -26.2355
82.4782 144.6 0 163.454 27.3146 -26.3868
82.4782 144.6 0 163.519 27.3193 -26.5195
82.4782 144.6 0 163.57 27.3286 -26.6487
82.4782 144.6 0 163.62 27.3324 -26.7576
82.4782 144.6 0 163.66 27.3296 -26.8522
82.4782 144.6 0 163.7 27.3215 -26.9314
82.4782 144.6 0 163.739 27.3133 -26.9953
82.4782 144.6 0 163.766 27.3041 -27.0449
82.4782 144.6 0 163.787 27.2888 -27.0845
82.4782 144.6 0 163.802 27.273 -27.1041
82.4782 144.6 0 163.808 27.2452 -27.1088
82.4782 144.6 0 163.804 27.2222 -27.0987
82.4782 144.6 0 163.796 27.1817 -27.0839
82.4782 144.6 0 163.791 27.1472 -27.0688
82.4782 144.6 0 163.794 27.1078 -27.0531
82.4782 144.6 0 163.788 27.0733 -27.0277
82.4782 144.6 0 163.785 27.0449 -27.0021
82.4782 144.6 0 163.791 27.0115 -26.9708
82.4782 144.6 0 163.795 26.9835 -26.9498
82.4782 144.6 0 163.796 26.9611 -26.9291
82.4782 144.6 0 163.802 26.9447 -26.9132
82.4782 144.6 0 163.807 26.9282 -26.8972
82.4782 144.6 0 163.81 26.9172 -26.8764
82.4782 144.6 0 163.802 26.9167 -26.8512
82.4782 144.6 0 163.801 26.9167 -26.8306
82.4782 144.6 0 163.784 26.9211 -26.801
82.4782 144.6 0 163.774 26.926 -26.776
82.4782 144.6 0 163.762 26.9364 -26.7564
82.4782 144.6 0 163.744 26.9463 -26.7372
82.4782 144.6 0 163.732 26.9567 -26.7176
82.4782 144.6 0 163.718 26.9726 -26.7032
82.4782 144.6 0 163.704 26.9885 -26.6889
82.4782 144.6 0 163.696 27.005 -26.6793
82.4782 144.6 0 163.687 27.0269 -26.6698
82.4782 144.6 0 163.682 27.0493 -26.6598
82.4782 144.6 0 163.681 27.0663 -26.6548
82.4782 144.6 0 163.678 27.0887 -26.6551
82.4782 144.6 0 163.676 27.1056 -26.65
82.4782 144.6 0 163.668 27.139 -26.6456
82.4782 144.6 0 163.675 27.151 -26.645
82.4782 144.6 0 163.68 27.1685 -26.6446
82.4782 144.6 0 163.689 27.192 -26.6438
82.4782 144.6 0 163.696 27.204 -26.6483
82.4782 144.6 0 163.712 27.2396 -26.647
82.4782 144.6 0 163.718 27.2685 -26.6465
82.4782 144.6 0 163.723 27.286 -26.6461
82.4782 144.6 0 163.724 27.2975 -26.6409
82.4782 144.6 0 163.724 27.2975 -26.6409
82.4782 144.6 0 163.726 27.2921 -26.6407
82.4782 144.6 0 163.727 27.2751 -26.6355
82.4782 144.6 0 163.728 27.2412 -26.6302
82.4782 144.6 0 163.732 27.2188 -26.635
82.4782 144.6 0 163.739 27.2024 -26.6396
82.4782 144.6 0 163.742 27.197 -26.6445
82.4782 144.6 0 163.747 27.186 -26.6492
82.4782 144.6 0 163.754 27.1866 -26.6539
82.4782 144.6 0 163.758 27.1926 -26.6587
82.4782 144.6 0 163.755 27.1981 -26.6589
82.4782 144.6 0 163.757 27.2096 -26.6588
82.4782 144.6 0 163.76 27.2156 -26.6533
82.4782 144.6 0 163.763 27.2216 -26.653
82.4782 144.6 0 163.771 27.2167 -26.6472
82.4782 144.6 0 163.773 27.2112 -26.6419
82.4782 144.6 0 163.772 27.2112 -26.6368
82.4782 144.6 0 163.776 27.2003 -26.6261
82.4782 144.6 0 163.778 27.1949 -26.6157
82.4782 144.6 0 163.781 27.1839 -26.5999
82.4782 144.6 0 163.782 27.1615 -26.5791
82.4782 144.6 0 163.784 27.156 -26.5738
82.4782 144.6 0 163.797 27.1402 -26.5727
82.4782 144.6 0 163.799 27.1347 -26.5725
82.4782 144.6 0 163.799 27.1347 -26.5725
82.4782 144.6 0 163.801 27.1292 -26.5672
% Time used: 19.062 seconds.
