%Fx Fy Fz Xd Yd Zd Xr Yr Zr
%
-0.235843 0.917739 -0.319583 82.4782 144.6 0 82.4789 144.597 0.000951126
0.00057205 0.999943 0.000870406 82.4782 144.6 0 82.4782 144.586 -1.16085e-005
0.130245 0.975425 0.177019 82.4782 144.6 0 82.4764 144.586 -0.00239532
0.0662104 0.993633 0.0901863 82.4782 144.6 0 82.4771 144.584 -0.0014445
0.0662104 0.993633 0.0901863 82.4782 144.6 0 82.4771 144.584 -0.0014445
0.0180865 0.975063 0.220664 82.4782 144.6 0 82.4778 144.581 -0.0041887
0.0180865 0.975063 0.220664 82.4782 144.6 0 82.4778 144.581 -0.0041887
0.10728 0.935977 0.33482 82.4782 144.6 0 82.4761 144.581 -0.00657194
0.218948 0.92926 0.296958 82.4782 144.6 0 82.4732 144.579 -0.00669496
0.23402 0.918813 0.317244 82.4782 144.6 0 82.4722 144.576 -0.00812928
0.183382 0.907371 0.377701 82.4782 144.6 0 82.4729 144.573 -0.010874
0.136941 0.947372 0.288822 82.4782 144.6 0 82.4732 144.565 -0.010411
0.105557 0.967697 0.228372 82.4782 144.6 0 82.4736 144.557 -0.00995319
0.0825374 0.990177 0.112007 82.4782 144.6 0 82.4735 144.544 -0.00629489
0.0672418 0.993465 0.0912719 82.4782 144.6 0 82.4735 144.531 -0.00633781
0.0233604 0.996585 0.0782297 82.4782 144.6 0 82.4763 144.52 -0.00625961
0.0124621 0.995381 0.0943556 82.4782 144.6 0 82.477 144.504 -0.00906913
-0.00876369 0.991319 0.13053 82.4782 144.6 0 82.4791 144.496 -0.0136363
-0.0423968 0.989123 0.140255 82.4782 144.6 0 82.4829 144.488 -0.015825
-0.0895308 0.984839 0.148033 82.4782 144.6 0 82.4893 144.477 -0.0183923
-0.113042 0.985299 0.127522 82.4782 144.6 0 82.4931 144.469 -0.016895
-0.128438 0.979565 0.154269 82.4782 144.6 0 82.4956 144.466 -0.0209667
-0.141052 0.976344 0.163388 82.4782 144.6 0 82.4974 144.466 -0.0222794
-0.17365 0.955476 0.238131 82.4782 144.6 0 82.5013 144.472 -0.0317847
-0.170676 0.945694 0.276226 82.4782 144.6 0 82.5007 144.475 -0.0364129
-0.195513 0.935761 0.29306 82.4782 144.6 0 82.5042 144.475 -0.0390422
-0.209048 0.934085 0.289043 82.4782 144.6 0 82.5067 144.472 -0.0394213
-0.221619 0.92843 0.297755 82.4782 144.6 0 82.5098 144.467 -0.0425598
-0.220896 0.920781 0.321106 82.4782 144.6 0 82.5112 144.462 -0.0480773
-0.222315 0.920573 0.320723 82.4782 144.6 0 82.514 144.451 -0.0517308
-0.206035 0.92858 0.308283 82.4782 144.6 0 82.5146 144.435 -0.0545895
-0.178415 0.94342 0.279099 82.4782 144.6 0 82.5138 144.411 -0.0557358
-0.141045 0.95893 0.245659 82.4782 144.6 0 82.5117 144.371 -0.0584943
-0.13143 0.967836 0.214077 82.4782 144.6 0 82.5143 144.334 -0.0588047
-0.110199 0.979709 0.166916 82.4782 144.6 0 82.5144 144.277 -0.0549027
-0.10572 0.986575 0.123906 82.4782 144.6 0 82.5193 144.215 -0.048268
-0.0977914 0.990779 0.0931112 82.4782 144.6 0 82.5233 144.142 -0.0429608
-0.0956486 0.992795 0.0713867 82.4782 144.6 0 82.5295 144.067 -0.0383102
-0.0930393 0.993605 0.0631262 82.4782 144.6 0 82.5349 143.994 -0.0384766
-0.094429 0.993594 0.0612263 82.4782 144.6 0 82.5432 143.916 -0.0421416
-0.10437 0.992549 0.0620507 82.4782 144.6 0 82.5583 143.837 -0.0476629
-0.111804 0.991599 0.0642467 82.4782 144.6 0 82.5727 143.761 -0.0543105
-0.120285 0.99025 0.069517 82.4782 144.6 0 82.5899 143.68 -0.064552
-0.130057 0.988872 0.0715268 82.4782 144.6 0 82.6091 143.604 -0.0720226
-0.138927 0.986856 0.0819419 82.4782 144.6 0 82.6275 143.539 -0.0880735
-0.148423 0.98472 0.090552 82.4782 144.6 0 82.6487 143.468 -0.104031
-0.157877 0.982613 0.0972276 82.4782 144.6 0 82.6709 143.4 -0.118675
-0.164747 0.981177 0.100308 82.4782 144.6 0 82.6906 143.335 -0.129315
-0.169851 0.979869 0.10451 82.4782 144.6 0 82.7107 143.258 -0.143057
-0.173787 0.979216 0.104171 82.4782 144.6 0 82.726 143.203 -0.148529
-0.176269 0.978513 0.106592 82.4782 144.6 0 82.7405 143.143 -0.158638
-0.176489 0.978623 0.105208 82.4782 144.6 0 82.7532 143.075 -0.163933
-0.176685 0.979015 0.101168 82.4782 144.6 0 82.7663 143.003 -0.164982
-0.175728 0.979567 0.0974333 82.4782 144.6 0 82.7769 142.934 -0.165657
-0.173897 0.980398 0.092234 82.4782 144.6 0 82.7868 142.859 -0.163705
-0.172147 0.981181 0.0870491 82.4782 144.6 0 82.7971 142.782 -0.161257
-0.170382 0.981968 0.0814814 82.4782 144.6 0 82.8061 142.71 -0.156812
-0.167755 0.982587 0.0794536 82.4782 144.6 0 82.8131 142.638 -0.158622
-0.166068 0.983107 0.0765232 82.4782 144.6 0 82.8217 142.566 -0.158303
-0.164453 0.983514 0.0747675 82.4782 144.6 0 82.8312 142.488 -0.160508
-0.165117 0.983447 0.0741803 82.4782 144.6 0 82.8448 142.416 -0.164708
-0.166323 0.983051 0.0766966 82.4782 144.6 0 82.8588 142.35 -0.175545
-0.168794 0.982215 0.0818372 82.4782 144.6 0 82.8762 142.283 -0.192988
-0.173113 0.980859 0.0887762 82.4782 144.6 0 82.8982 142.22 -0.21538
-0.180423 0.978508 0.0995347 82.4782 144.6 0 82.9286 142.157 -0.248491
-0.187378 0.976336 0.107692 82.4782 144.6 0 82.956 142.11 -0.274629
-0.198956 0.972794 0.118472 82.4782 144.6 0 82.9987 142.054 -0.309973
-0.211731 0.96872 0.129248 82.4782 144.6 0 83.046 142.001 -0.346649
-0.22787 0.963075 0.143256 82.4782 144.6 0 83.1048 141.951 -0.393918
-0.244817 0.956465 0.158763 82.4782 144.6 0 83.1674 141.907 -0.446946
-0.26381 0.948654 0.174433 82.4782 144.6 0 83.2371 141.871 -0.501789
-0.284369 0.939602 0.190391 82.4782 144.6 0 83.3152 141.834 -0.560394
0.886199 -0.446528 0.123539 86.1501 141.222 0 83.3924 141.8 -0.62008
0.885843 -0.442907 0.138242 86.1501 141.222 0 83.4616 141.772 -0.675689
0.884838 -0.439525 0.154511 86.1501 141.222 0 83.5297 141.747 -0.735943
0.883315 -0.436379 0.171238 86.1501 141.222 0 83.5954 141.725 -0.795688
0.882052 -0.432184 0.187603 86.1501 141.222 0 83.6562 141.7 -0.850822
0.880632 -0.42702 0.205263 86.1501 141.222 0 83.7188 141.672 -0.907135
0.879778 -0.420124 0.222435 86.1501 141.222 0 83.7828 141.638 -0.955269
0.879254 -0.411895 0.239256 86.1501 141.222 0 83.8421 141.601 -0.998754
0.878811 -0.400104 0.259992 86.1501 141.222 0 83.9114 141.553 -1.04775
0.878366 -0.389538 0.27698 86.1501 141.222 0 83.9642 141.513 -1.08539
0.878046 -0.375689 0.29644 86.1501 141.222 0 84.0216 141.464 -1.12467
0.877328 -0.358849 0.318597 86.1501 141.222 0 84.083 141.41 -1.16623
0.87556 -0.34037 0.342813 86.1501 141.222 0 84.1458 141.355 -1.20967
0.872436 -0.322159 0.367482 86.1501 141.222 0 84.2057 141.307 -1.25302
0.86782 -0.29991 0.396116 86.1501 141.222 0 84.2713 141.252 -1.30029
0.860557 -0.27374 0.429494 86.1501 141.222 0 84.3456 141.195 -1.35148
0.850914 -0.246202 0.463982 86.1501 141.222 0 84.4154 141.14 -1.40427
0.837212 -0.212126 0.504001 86.1501 141.222 0 84.4963 141.079 -1.45854
0.818432 -0.172283 0.548097 86.1501 141.222 0 84.5806 141.015 -1.51608
0.793118 -0.129113 0.595144 86.1501 141.222 0 84.6672 140.954 -1.57789
0.76304 -0.0856037 0.640564 86.1501 141.222 0 84.7493 140.899 -1.63814
0.72471 -0.0356523 0.688025 86.1501 141.222 0 84.8367 140.841 -1.69967
0.681029 0.0152003 0.731982 86.1501 141.222 0 84.9202 140.785 -1.75911
0.625142 0.0720632 0.777052 86.1501 141.222 0 85.0115 140.727 -1.82682
0.545808 0.146082 0.824937 86.1501 141.222 0 85.1265 140.653 -1.90336
0.488415 0.195359 0.850313 86.1501 141.222 0 85.2007 140.603 -1.95392
0.407943 0.258311 0.875548 86.1501 141.222 0 85.2996 140.538 -2.01872
0.323492 0.317381 0.891254 86.1501 141.222 0 85.3996 140.472 -2.08606
0.273312 0.342377 0.898764 86.1501 141.222 0 85.4972 140.404 -2.14689
0.224493 0.36598 0.902962 86.1501 141.222 0 85.6009 140.327 -2.20883
0.179347 0.385584 0.904894 86.1501 141.222 0 85.7004 140.255 -2.26911
0.132111 0.406178 0.904014 86.1501 141.222 0 85.8085 140.172 -2.33739
0.0848868 0.42777 0.899714 86.1501 141.222 0 85.9233 140.079 -2.40359
0.0423679 0.447466 0.893115 86.1501 141.222 0 86.0331 139.986 -2.46581
-5.86173e-005 0.466951 0.884097 86.1501 141.222 0 86.1503 139.885 -2.53155
-0.0392077 0.485563 0.873132 86.1501 141.222 0 86.2665 139.78 -2.59288
-0.0766884 0.503341 0.860487 86.1501 141.222 0 86.3867 139.669 -2.65482
-0.109395 0.519176 0.847449 86.1501 141.222 0 86.5001 139.561 -2.71126
-0.141061 0.534728 0.832981 86.1501 141.222 0 86.6192 139.444 -2.76992
-0.168604 0.548756 0.818617 86.1501 141.222 0 86.7315 139.33 -2.82295
-0.198727 0.564424 0.801019 86.1501 141.222 0 86.8661 139.188 -2.88607
-0.217869 0.572943 0.78992 86.1501 141.222 0 86.9589 139.095 -2.93236
-0.237036 0.581516 0.778052 86.1501 141.222 0 87.0588 138.993 -2.98261
-0.255848 0.588763 0.766564 86.1501 141.222 0 87.1633 138.89 -3.03585
0.700322 -0.480461 0.527816 89.6874 137.742 0 87.2667 138.79 -3.08483
0.691683 -0.464984 0.552482 89.6874 137.742 0 87.3564 138.706 -3.12986
0.681745 -0.449268 0.577269 89.6874 137.742 0 87.4463 138.627 -3.1724
0.67206 -0.434758 0.599303 89.6874 137.742 0 87.5231 138.56 -3.2103
0.663305 -0.424455 0.616195 89.6874 137.742 0 87.582 138.518 -3.24383
0.655516 -0.417617 0.629062 89.6874 137.742 0 87.6266 138.493 -3.27619
0.650543 -0.416249 0.635099 89.6874 137.742 0 87.6483 138.493 -3.30155
0.647734 -0.421394 0.634579 89.6874 137.742 0 87.6484 138.523 -3.32769
0.646986 -0.431943 0.628224 89.6874 137.742 0 87.6261 138.581 -3.35808
0.647064 -0.448385 0.616522 89.6874 137.742 0 87.5893 138.672 -3.39002
0.647489 -0.467866 0.601421 89.6874 137.742 0 87.547 138.783 -3.4142
0.648543 -0.492047 0.580635 89.6874 137.742 0 87.4901 138.929 -3.43154
0.134757 0.146477 0.979761 86.1501 141.222 0 87.4305 139.096 -3.43649
-0.511333 0.859366 0.00520487 86.1501 141.222 0 87.4545 139.03 -0.0132777
0.795474 -0.605945 0.0066155 89.6874 137.742 0 87.4919 138.938 -0.0318915
0.804333 -0.59403 0.0128297 89.6874 137.742 0 87.5395 138.837 -0.059241
0.815652 -0.578093 0.0224622 89.6874 137.742 0 87.5985 138.715 -0.0982071
0.829727 -0.557122 0.0339772 89.6874 137.742 0 87.6632 138.577 -0.139299
0.846122 -0.530823 0.0478728 89.6874 137.742 0 87.7312 138.429 -0.182618
0.86688 -0.494123 0.0658436 89.6874 137.742 0 87.8152 138.257 -0.229213
0.891453 -0.444677 0.0865661 89.6874 137.742 0 87.9048 138.072 -0.27125
0.918674 -0.379382 0.109107 89.6874 137.742 0 87.9949 137.883 -0.304733
0.94909 -0.28046 0.141755 89.6874 137.742 0 88.091 137.668 -0.346084
0.971969 -0.139726 0.186612 89.6874 137.742 0 88.1955 137.447 -0.394087
0.968768 0.0412741 0.241385 89.6874 137.742 0 88.2978 137.237 -0.44771
0.907827 0.28714 0.302077 89.6874 137.742 0 88.4118 137.01 -0.504275
0.757398 0.551305 0.346101 89.6874 137.742 0 88.5356 136.783 -0.557234
0.616782 0.697111 0.361623 89.6874 137.742 0 88.6547 136.575 -0.605483
0.50354 0.778119 0.371542 89.6874 137.742 0 88.7901 136.355 -0.662083
0.396385 0.836804 0.373844 89.6874 137.742 0 88.929 136.141 -0.715223
0.303135 0.874536 0.374935 89.6874 137.742 0 89.0655 135.948 -0.769167
0.216004 0.898618 0.378497 89.6874 137.742 0 89.2084 135.75 -0.839222
0.138137 0.912853 0.380966 89.6874 137.742 0 89.3567 135.557 -0.911997
0.0726562 0.920385 0.38103 89.6874 137.742 0 89.5007 135.377 -0.978944
0.0113978 0.923794 0.379674 89.6874 137.742 0 89.6558 135.185 -1.05089
-0.0418132 0.924078 0.377032 89.6874 137.742 0 89.8117 134.994 -1.12122
-0.0847658 0.921482 0.376369 89.6874 137.742 0 89.9559 134.823 -1.19241
0.870212 -0.427504 0.243529 93.0868 134.165 0 90.1127 134.643 -1.26584
0.877241 -0.389181 0.279586 93.0868 134.165 0 90.274 134.465 -1.33931
0.881861 -0.345721 0.31904 93.0868 134.165 0 90.4278 134.299 -1.41022
0.88323 -0.288047 0.368317 93.0868 134.165 0 90.5907 134.118 -1.49015
0.877849 -0.214963 0.426103 93.0868 134.165 0 90.7563 133.932 -1.57395
0.862249 -0.131823 0.486989 93.0868 134.165 0 90.9147 133.761 -1.6544
0.828694 -0.0238383 0.556942 93.0868 134.165 0 91.0863 133.576 -1.74077
0.774897 0.0971123 0.622105 93.0868 134.165 0 91.2526 133.399 -1.81656
0.687549 0.240385 0.682506 93.0868 134.165 0 91.4304 133.209 -1.89807
0.570019 0.383138 0.724074 93.0868 134.165 0 91.6067 133.02 -1.9866
0.467029 0.476384 0.742266 93.0868 134.165 0 91.7797 132.832 -2.0774
0.3964 0.52496 0.750615 93.0868 134.165 0 91.9453 132.654 -2.16151
0.322184 0.571812 0.751998 93.0868 134.165 0 92.1262 132.46 -2.24221
0.254278 0.611353 0.747005 93.0868 134.165 0 92.2992 132.272 -2.3139
0.187384 0.646742 0.737046 93.0868 134.165 0 92.48 132.071 -2.38671
0.125927 0.67594 0.723932 93.0868 134.165 0 92.6596 131.872 -2.4559
0.0713449 0.697046 0.711383 93.0868 134.165 0 92.8325 131.68 -2.53597
0.021823 0.712951 0.698887 93.0868 134.165 0 93.0051 131.495 -2.61779
-0.0200906 0.723665 0.687974 93.0868 134.165 0 93.1655 131.329 -2.69619
0.407858 0.387518 0.824618 93.0868 134.165 0 93.3258 131.168 -2.77263
0.763507 -0.394523 0.51009 96.3455 130.497 0 93.4954 131 -2.84552
0.752319 -0.353036 0.554946 96.3455 130.497 0 93.6592 130.831 -2.91052
0.737491 -0.308056 0.599656 96.3455 130.497 0 93.8152 130.673 -2.96674
0.716647 -0.254265 0.648007 96.3455 130.497 0 93.9761 130.51 -3.02201
0.68833 -0.195021 0.697187 96.3455 130.497 0 94.1367 130.356 -3.07935
0.654794 -0.135493 0.741993 96.3455 130.497 0 94.2846 130.22 -3.13353
0.610723 -0.0648932 0.787543 96.3455 130.497 0 94.4413 130.074 -3.18881
0.54557 0.0279651 0.835898 96.3455 130.497 0 94.6311 129.9 -3.24787
0.495665 0.093155 0.86177 96.3455 130.497 0 94.7559 129.784 -3.28107
0.42299 0.176779 0.886963 96.3455 130.497 0 94.9211 129.641 -3.3231
0.344224 0.256776 0.901331 96.3455 130.497 0 95.0859 129.506 -3.36745
0.294873 0.296626 0.906585 96.3455 130.497 0 95.2366 129.381 -3.40945
0.249257 0.328448 0.909323 96.3455 130.497 0 95.3988 129.249 -3.45401
0.204448 0.358894 0.909024 96.3455 130.497 0 95.5593 129.117 -3.49584
0.162559 0.386124 0.90635 96.3455 130.497 0 95.7115 128.991 -3.53532
0.119295 0.412279 0.901588 96.3455 130.497 0 95.8717 128.859 -3.58104
0.269286 0.239121 0.93128 96.3455 130.497 0 96.0341 128.732 -3.63271
0.260449 0.231273 0.935787 96.3455 130.497 0 96.1861 128.612 -3.68363
0.251748 0.223542 0.940055 96.3455 130.497 0 96.3475 128.481 -3.73358
0.242811 0.215609 0.944266 96.3455 130.497 0 96.5092 128.353 -3.78504
0.23441 0.208146 0.948071 96.3455 130.497 0 96.6628 128.231 -3.83334
0.225123 0.199895 0.952113 96.3455 130.497 0 96.8258 128.104 -3.89028
0.216115 0.191897 0.955867 96.3455 130.497 0 96.9853 127.979 -3.94891
0.600921 -0.472669 0.643665 99.4608 126.743 0 97.1366 127.858 -4.00117
0.580467 -0.445577 0.680605 99.4608 126.743 0 97.2945 127.73 -4.05241
0.557044 -0.415417 0.718126 99.4608 126.743 0 97.4499 127.604 -4.10141
0.532251 -0.384658 0.753129 99.4608 126.743 0 97.5914 127.49 -4.14823
0.503337 -0.349056 0.789393 99.4608 126.743 0 97.737 127.37 -4.19314
0.472856 -0.312308 0.822851 99.4608 126.743 0 97.8736 127.258 -4.23158
0.437436 -0.26956 0.856783 99.4608 126.743 0 98.0154 127.138 -4.26714
0.399092 -0.223111 0.888213 99.4608 126.743 0 98.1515 127.018 -4.30251
0.357311 -0.173362 0.916594 99.4608 126.743 0 98.2873 126.897 -4.33024
0.308799 -0.11684 0.942746 99.4608 126.743 0 98.4313 126.768 -4.35907
0.255904 -0.0562922 0.963868 99.4608 126.743 0 98.5767 126.637 -4.38516
0.201851 0.00302345 0.978204 99.4608 126.743 0 98.7187 126.513 -4.40611
0.140692 0.0692052 0.98642 99.4608 126.743 0 98.8723 126.376 -4.4289
0.112559 0.0933305 0.988048 99.4608 126.743 0 99.0258 126.236 -4.44714
0.108154 0.089675 0.988885 99.4608 126.743 0 99.1719 126.098 -4.46004
0.103303 0.0856516 0.98977 99.4608 126.743 0 99.3282 125.953 -4.47306
0.0987815 0.0818991 0.990557 99.4608 126.743 0 99.4809 125.809 -4.48094
0.0946963 0.0785121 0.991237 99.4608 126.743 0 99.6266 125.671 -4.48587
0.0905027 0.0750313 0.991904 99.4608 126.743 0 99.7844 125.519 -4.48977
0.0873037 0.0723793 0.992393 99.4608 126.743 0 99.9396 125.361 -4.49379
0.0841883 0.0697948 0.992851 99.4608 126.743 0 100.096 125.2 -4.50119
0.0821513 0.0681054 0.99314 99.4608 126.743 0 100.241 125.044 -4.50872
0.0795035 0.0659096 0.993506 99.4608 126.743 0 100.397 124.879 -4.5193
0.0783486 0.0649516 0.993664 99.4608 126.743 0 100.54 124.716 -4.52704
0.476085 -0.540463 0.692952 102.43 122.908 0 100.688 124.542 -4.53257
0.456042 -0.510152 0.728418 102.43 122.908 0 100.83 124.367 -4.53719
0.434754 -0.478038 0.762348 102.43 122.908 0 100.959 124.205 -4.54131
0.411038 -0.440117 0.797448 102.43 122.908 0 101.083 124.036 -4.54681
0.386215 -0.398741 0.830833 102.43 122.908 0 101.195 123.872 -4.55126
0.362975 -0.359131 0.858829 102.43 122.908 0 101.287 123.729 -4.55295
0.340235 -0.318381 0.883786 102.43 122.908 0 101.366 123.594 -4.55723
0.320747 -0.281125 0.903445 102.43 122.908 0 101.425 123.476 -4.56129
0.307872 -0.251821 0.916439 102.43 122.908 0 101.457 123.386 -4.56325
0.300647 -0.231218 0.924212 102.43 122.908 0 101.47 123.322 -4.56806
0.301329 -0.221457 0.92636 102.43 122.908 0 101.457 123.289 -4.57302
0.308222 -0.218813 0.924699 102.43 122.908 0 101.422 123.273 -4.58231
0.319982 -0.221769 0.919975 102.43 122.908 0 101.371 123.271 -4.58578
0.334358 -0.228679 0.913129 102.43 122.908 0 101.315 123.279 -4.57025
0.349583 -0.240264 0.9044 102.43 122.908 0 101.26 123.302 -4.54806
0.371342 -0.26418 0.88894 102.43 122.908 0 101.185 123.361 -4.51666
0.78971 -0.611396 -0.0502682 102.43 122.908 0 100.906 123.575 0.150409
0.805011 -0.593238 0.00341888 102.43 122.908 0 100.945 123.492 -0.00964381
0.818888 -0.57381 0.0119831 102.43 122.908 0 100.999 123.411 -0.0316069
0.832633 -0.553212 0.0252904 102.43 122.908 0 101.08 123.328 -0.0611188
0.845601 -0.531797 0.0456936 102.43 122.908 0 101.173 123.25 -0.099956
0.860756 -0.504102 0.0699658 102.43 122.908 0 101.287 123.166 -0.134662
0.881348 -0.460953 0.102971 102.43 122.908 0 101.406 123.073 -0.169835
0.908729 -0.392146 0.141849 102.43 122.908 0 101.527 122.973 -0.194012
0.947427 -0.244648 0.204432 102.43 122.908 0 101.663 122.844 -0.215656
0.945045 0.0565443 0.319163 102.43 122.908 0 101.804 122.702 -0.250891
0.735238 0.514333 0.437492 102.43 122.908 0 101.941 122.56 -0.292855
0.478096 0.717675 0.501854 102.43 122.908 0 102.094 122.403 -0.353096
0.216135 0.82684 0.51495 102.43 122.908 0 102.252 122.227 -0.423713
0.0160174 0.863604 0.500191 102.43 122.908 0 102.414 122.05 -0.496513
-0.138184 0.870325 0.469468 102.43 122.908 0 102.598 121.85 -0.570349
-0.245319 0.863333 0.437991 102.43 122.908 0 102.79 121.643 -0.641434
-0.317144 0.851046 0.415603 102.43 122.908 0 102.974 121.449 -0.712606
-0.372129 0.836418 0.399605 102.43 122.908 0 103.172 121.241 -0.796355
-0.411104 0.82129 0.393008 102.43 122.908 0 103.368 121.035 -0.89608
-0.441749 0.808509 0.386533 102.43 122.908 0 103.559 120.841 -0.987899
0.598426 -0.764429 0.238835 105.252 118.998 0 103.771 120.632 -1.07639
0.585895 -0.755008 0.293232 105.252 118.998 0 103.988 120.416 -1.15716
0.567564 -0.739775 0.359933 105.252 118.998 0 104.192 120.213 -1.23709
0.536106 -0.710107 0.454614 105.252 118.998 0 104.405 119.999 -1.33326
0.480789 -0.657569 0.577755 105.252 118.998 0 104.621 119.792 -1.43471
0.394535 -0.570742 0.717367 105.252 118.998 0 104.825 119.598 -1.52246
0.250262 -0.416993 0.870501 105.252 118.998 0 105.039 119.396 -1.60853
0.0578746 -0.197443 0.975041 105.252 118.998 0 105.246 119.2 -1.69706
-0.101465 -0.0117853 0.991271 105.252 118.998 0 105.434 119.019 -1.78461
-0.196895 0.0839669 0.973511 105.252 118.998 0 105.63 118.837 -1.87242
-0.27459 0.161637 0.94477 105.252 118.998 0 105.821 118.663 -1.95816
-0.337256 0.221995 0.911973 105.252 118.998 0 106.006 118.502 -2.04066
-0.384574 0.267246 0.880868 105.252 118.998 0 106.176 118.356 -2.11722
-0.426559 0.305039 0.848961 105.252 118.998 0 106.353 118.211 -2.19162
-0.460665 0.333743 0.820103 105.252 118.998 0 106.519 118.08 -2.25613
-0.489558 0.358283 0.792794 105.252 118.998 0 106.689 117.946 -2.32769
-0.515603 0.378663 0.766578 105.252 118.998 0 106.859 117.818 -2.38947
-0.536545 0.39355 0.744564 105.252 118.998 0 107.017 117.703 -2.4501
-0.556017 0.407425 0.722662 105.252 118.998 0 107.185 117.581 -2.51335
0.336973 -0.815966 0.468714 107.923 115.02 0 107.338 117.468 -2.57037
0.306011 -0.806946 0.504103 107.923 115.02 0 107.494 117.355 -2.62976
0.271267 -0.795261 0.541078 107.923 115.02 0 107.651 117.242 -2.68405
0.236125 -0.781472 0.576364 107.923 115.02 0 107.791 117.138 -2.73113
0.194667 -0.763619 0.614382 107.923 115.02 0 107.941 117.028 -2.7723
0.151171 -0.74177 0.652094 107.923 115.02 0 108.08 116.921 -2.81291
0.106827 -0.717786 0.686672 107.923 115.02 0 108.21 116.824 -2.8458
0.0545611 -0.687248 0.722969 107.923 115.02 0 108.349 116.718 -2.87138
0.000465542 -0.651407 0.75727 107.923 115.02 0 108.479 116.611 -2.8916
-0.0533316 -0.612854 0.786886 107.923 115.02 0 108.6 116.511 -2.90438
-0.112165 -0.566093 0.815119 107.923 115.02 0 108.722 116.404 -2.91296
-0.173943 -0.512169 0.839481 107.923 115.02 0 108.84 116.292 -2.91216
-0.233757 -0.453867 0.858208 107.923 115.02 0 108.947 116.179 -2.90238
-0.296617 -0.385777 0.871909 107.923 115.02 0 109.053 116.057 -2.88407
-0.357579 -0.311272 0.878746 107.923 115.02 0 109.153 115.93 -2.86344
-0.40924 -0.243311 0.877628 107.923 115.02 0 109.246 115.806 -2.837
-0.442139 -0.2014 0.872256 107.923 115.02 0 109.343 115.667 -2.80254
-0.473338 -0.156979 0.864956 107.923 115.02 0 109.436 115.521 -2.76446
-0.501493 -0.111663 0.856056 107.923 115.02 0 109.518 115.375 -2.72366
-0.530191 -0.0600253 0.843839 107.923 115.02 0 109.604 115.21 -2.67621
-0.55797 -0.00456936 0.8279 107.923 115.02 0 109.69 115.034 -2.62228
-0.581854 0.0496694 0.809789 107.923 115.02 0 109.768 114.862 -2.56746
-0.606081 0.109135 0.78586 107.923 115.02 0 109.855 114.672 -2.50538
-0.626382 0.169253 0.758871 107.923 115.02 0 109.94 114.475 -2.44335
-0.643303 0.225439 0.729593 107.923 115.02 0 110.02 114.285 -2.37877
-0.658623 0.284017 0.694723 107.923 115.02 0 110.112 114.076 -2.30927
-0.669471 0.34216 0.657242 107.923 115.02 0 110.202 113.855 -2.23806
0.249795 -0.87975 0.40329 110.442 110.978 0 110.291 113.64 -2.16606
0.229502 -0.873577 0.427771 110.442 110.978 0 110.384 113.409 -2.09549
0.20351 -0.864798 0.457416 110.442 110.978 0 110.482 113.171 -2.0209
0.173197 -0.852716 0.490962 110.442 110.978 0 110.573 112.943 -1.94704
0.133348 -0.833441 0.534083 110.442 110.978 0 110.665 112.702 -1.87166
0.0830539 -0.803691 0.5866 110.442 110.978 0 110.752 112.46 -1.7953
0.0226478 -0.761487 0.64465 110.442 110.978 0 110.829 112.236 -1.7219
-0.0631527 -0.689842 0.717373 110.442 110.978 0 110.911 111.997 -1.64403
-0.170739 -0.57768 0.793528 110.442 110.978 0 110.983 111.763 -1.56492
-0.290121 -0.419593 0.85456 110.442 110.978 0 111.045 111.546 -1.49402
-0.411506 -0.212798 0.879862 110.442 110.978 0 111.105 111.321 -1.4169
-0.467808 -0.0790617 0.873276 110.442 110.978 0 111.161 111.1 -1.34319
-0.513321 0.0555936 0.848877 110.442 110.978 0 111.214 110.894 -1.27749
-0.550395 0.201874 0.802189 110.442 110.978 0 111.269 110.674 -1.20583
-0.570636 0.342189 0.73833 110.442 110.978 0 111.321 110.451 -1.13744
-0.577483 0.45738 0.667983 110.442 110.978 0 111.369 110.243 -1.07274
-0.573013 0.558397 0.59162 110.442 110.978 0 111.418 110.027 -1.00768
-0.563398 0.638324 0.516333 110.442 110.978 0 111.47 109.813 -0.942368
-0.55051 0.695112 0.454277 110.442 110.978 0 111.519 109.618 -0.888766
-0.534774 0.7417 0.396905 110.442 110.978 0 111.568 109.417 -0.835408
-0.519159 0.775876 0.350653 110.442 110.978 0 111.612 109.229 -0.790376
-0.503107 0.805002 0.306715 110.442 110.978 0 111.66 109.03 -0.742289
0.474796 -0.865942 0.153272 112.808 106.879 0 111.705 108.833 -0.696209
0.486228 -0.858759 0.157071 112.808 106.879 0 111.746 108.647 -0.655778
0.501454 -0.848898 0.161744 112.808 106.879 0 111.785 108.448 -0.612868
0.519913 -0.836546 0.166479 112.808 106.879 0 111.822 108.253 -0.567855
0.541724 -0.820909 0.173097 112.808 106.879 0 111.852 108.071 -0.530825
0.569572 -0.799072 0.183431 112.808 106.879 0 111.882 107.883 -0.498154
0.603448 -0.770268 0.195197 112.808 106.879 0 111.907 107.703 -0.466152
0.643566 -0.732063 0.21001 112.808 106.879 0 111.928 107.534 -0.439053
0.695463 -0.676326 0.225959 112.808 106.879 0 111.947 107.362 -0.406739
0.756148 -0.599928 0.240101 112.808 106.879 0 111.96 107.202 -0.37102
0.81832 -0.501938 0.253629 112.808 106.879 0 111.969 107.062 -0.340766
0.880026 -0.367488 0.268793 112.808 106.879 0 111.977 106.928 -0.315884
0.920996 -0.231306 0.2768 112.808 106.879 0 111.979 106.825 -0.297281
0.941269 -0.127109 0.272773 112.808 106.879 0 111.971 106.757 -0.28123
0.950704 -0.0732221 0.259254 112.808 106.879 0 111.95 106.721 -0.267537
0.95314 -0.0159716 0.259133 112.808 106.879 0 111.936 106.685 -0.267496
0.949336 0.0556516 0.26589 112.808 106.879 0 111.932 106.643 -0.272074
0.94163 0.11949 0.27091 112.808 106.879 0 111.933 106.607 -0.274753
0.938352 0.110366 0.285695 112.808 106.879 0 111.933 106.611 -0.291464
0.981246 0.192645 -0.00289969 112.808 106.879 0 111.964 106.582 0.00267847
0.95452 0.297831 -0.0102705 112.808 106.879 0 112.015 106.548 0.00893263
0.899834 0.43536 -0.0203211 112.808 106.879 0 112.074 106.506 0.0167317
0.844857 0.532338 -0.04367 112.808 106.879 0 112.139 106.458 0.0345543
0.764469 0.638781 -0.0763279 112.808 106.879 0 112.21 106.379 0.0597031
0.630264 0.767286 -0.107395 112.808 106.879 0 112.299 106.26 0.086569
0.488021 0.861269 -0.132018 112.808 106.879 0 112.374 106.114 0.117278
0.345171 0.925788 -0.146454 112.808 106.879 0 112.453 105.929 0.150315
0.230071 0.962299 -0.138747 112.808 106.879 0 112.529 105.714 0.167876
0.138314 0.982784 -0.117615 112.808 106.879 0 112.612 105.489 0.166356
0.0580365 0.994795 -0.0790568 112.808 106.879 0 112.711 105.222 0.131696
-0.000748562 0.998802 -0.0414717 112.808 106.879 0 112.809 104.945 0.0803096
-0.0443257 0.998605 -0.0103465 112.808 106.879 0 112.905 104.682 0.0227594
-0.0832841 0.996 0.0154454 112.808 106.879 0 113.015 104.4 -0.0384344
0.651963 -0.757612 0.0253105 115.018 102.728 0 113.14 104.11 -0.108182
0.684457 -0.727169 0.0462863 115.018 102.728 0 113.26 103.835 -0.171447
0.728754 -0.679633 0.0765591 115.018 102.728 0 113.383 103.544 -0.238821
0.783486 -0.608187 0.118562 115.018 102.728 0 113.511 103.262 -0.304156
0.848132 -0.495539 0.176 115.018 102.728 0 113.627 102.995 -0.366332
0.917745 -0.287911 0.258347 115.018 102.728 0 113.748 102.713 -0.424834
0.926674 0.0568137 0.351687 115.018 102.728 0 113.87 102.435 -0.476005
0.798364 0.424405 0.405109 115.018 102.728 0 113.987 102.18 -0.523176
0.66704 0.601341 0.417283 115.018 102.728 0 114.119 101.917 -0.562736
0.525581 0.729903 0.41528 115.018 102.728 0 114.251 101.662 -0.606478
0.401704 0.812277 0.402214 115.018 102.728 0 114.376 101.429 -0.643172
0.288023 0.86776 0.385731 115.018 102.728 0 114.507 101.189 -0.684178
0.1986 0.90198 0.365133 115.018 102.728 0 114.63 100.967 -0.712904
0.119998 0.923879 0.346372 115.018 102.728 0 114.759 100.732 -0.748377
0.0556626 0.937481 0.327559 115.018 102.728 0 114.886 100.497 -0.779365
0.00421081 0.945916 0.309109 115.018 102.728 0 115.007 100.277 -0.800887
0.617407 -0.763722 0.180172 117.073 98.5318 0 115.132 100.046 -0.825659
0.63437 -0.74219 0.20649 117.073 98.5318 0 115.257 99.8219 -0.846207
0.652265 -0.716905 0.234928 117.073 98.5318 0 115.376 99.6161 -0.85849
0.673626 -0.681019 0.274011 117.073 98.5318 0 115.501 99.4027 -0.87795
0.697141 -0.630858 0.325182 117.073 98.5318 0 115.629 99.1911 -0.900181
0.720026 -0.563341 0.386933 117.073 98.5318 0 115.753 98.9943 -0.919922
0.740411 -0.452429 0.474883 117.073 98.5318 0 115.89 98.7827 -0.94538
0.741902 -0.283292 0.580874 117.073 98.5318 0 116.025 98.5771 -0.970704
0.698692 -0.0529232 0.682289 117.073 98.5318 0 116.152 98.3868 -0.996766
0.572392 0.246444 0.748431 117.073 98.5318 0 116.289 98.1881 -1.02754
0.462832 0.385431 0.764733 117.073 98.5318 0 116.431 97.9975 -1.06006
0.355071 0.493442 0.761505 117.073 98.5318 0 116.564 97.8248 -1.09108
0.245091 0.584509 0.742823 117.073 98.5318 0 116.703 97.6507 -1.11981
0.149317 0.652529 0.714547 117.073 98.5318 0 116.833 97.4835 -1.14791
0.0704121 0.7015 0.683279 117.073 98.5318 0 116.951 97.323 -1.17739
0.000348774 0.742909 0.645813 117.073 98.5318 0 117.072 97.1505 -1.2008
-0.0570976 0.774337 0.608579 117.073 98.5318 0 117.187 96.9795 -1.22002
-0.099209 0.79645 0.576503 117.073 98.5318 0 117.286 96.8214 -1.23804
-0.136702 0.814454 0.545367 117.073 98.5318 0 117.388 96.6567 -1.25559
-0.168652 0.827142 0.518904 117.073 98.5318 0 117.488 96.4972 -1.27642
-0.193742 0.836223 0.496912 117.073 98.5318 0 117.578 96.3515 -1.2956
-0.216576 0.844006 0.475508 117.073 98.5318 0 117.671 96.1992 -1.31419
0.449625 -0.842556 0.287928 119.013 94.1972 0 117.766 96.0494 -1.32468
0.446858 -0.835401 0.310816 119.013 94.1972 0 117.854 95.9115 -1.33542
0.443065 -0.826094 0.338254 119.013 94.1972 0 117.95 95.7629 -1.34296
0.437664 -0.814615 0.36973 119.013 94.1972 0 118.048 95.614 -1.34748
0.430776 -0.801011 0.403817 119.013 94.1972 0 118.142 95.4731 -1.34817
0.421038 -0.781819 0.44663 119.013 94.1972 0 118.244 95.3212 -1.34612
0.408468 -0.755305 0.497523 119.013 94.1972 0 118.345 95.1664 -1.33952
0.39068 -0.72089 0.555385 119.013 94.1972 0 118.444 95.0197 -1.33002
0.362976 -0.666949 0.631044 119.013 94.1972 0 118.549 94.8632 -1.32358
0.321321 -0.585181 0.721547 119.013 94.1972 0 118.655 94.7036 -1.31384
0.26428 -0.468038 0.816506 119.013 94.1972 0 118.751 94.5495 -1.3005
0.173728 -0.28245 0.912428 119.013 94.1972 0 118.855 94.3814 -1.28248
0.0529045 -0.0327682 0.964113 119.013 94.1972 0 118.956 94.2098 -1.26244
-0.0257414 0.1168 0.958057 119.013 94.1972 0 119.046 94.0455 -1.24372
-0.0983092 0.251846 0.927612 119.013 94.1972 0 119.141 93.867 -1.21596
-0.163557 0.378456 0.876227 119.013 94.1972 0 119.234 93.6848 -1.18618
-0.212045 0.485242 0.81423 119.013 94.1972 0 119.314 93.5078 -1.15684
-0.251086 0.581807 0.740592 119.013 94.1972 0 119.393 93.3155 -1.12226
-0.277833 0.656815 0.669108 119.013 94.1972 0 119.464 93.1311 -1.08603
-0.297259 0.720755 0.595525 119.013 94.1972 0 119.534 92.9337 -1.04394
-0.310706 0.771682 0.52532 119.013 94.1972 0 119.601 92.735 -0.995359
-0.317865 0.811067 0.462204 119.013 94.1972 0 119.661 92.542 -0.943262
-0.320628 0.84347 0.402867 119.013 94.1972 0 119.72 92.3354 -0.889224
-0.322718 0.868409 0.348885 119.013 94.1972 0 119.784 92.1227 -0.833445
0.371341 -0.91042 0.16799 120.787 89.8274 0 119.85 91.9059 -0.777488
0.376923 -0.906638 0.172465 120.787 89.8274 0 119.918 91.6875 -0.719162
0.384627 -0.901702 0.176777 120.787 89.8274 0 119.979 91.4773 -0.659749
0.394289 -0.8954 0.181393 120.787 89.8274 0 120.039 91.2706 -0.599021
0.4079 -0.885777 0.188709 120.787 89.8274 0 120.104 91.0449 -0.535007
0.424836 -0.872413 0.198062 120.787 89.8274 0 120.174 90.8202 -0.469011
0.449978 -0.849602 0.213709 120.787 89.8274 0 120.246 90.5888 -0.404268
0.487211 -0.809594 0.235195 120.787 89.8274 0 120.315 90.3658 -0.338459
0.553961 -0.711734 0.274752 120.787 89.8274 0 120.388 90.1311 -0.270227
0.646203 -0.432866 0.336706 120.787 89.8274 0 120.455 89.9127 -0.207869
0.557649 0.318546 0.296854 120.787 89.8274 0 120.529 89.6799 -0.137441
0.346372 0.702841 0.122409 120.787 89.8274 0 120.602 89.4509 -0.0655809
0.162425 0.867778 -0.00929343 120.787 89.8274 0 120.675 89.2256 0.00644534
0.0507984 0.923173 -0.0829055 120.787 89.8274 0 120.743 89.0201 0.0725054
-0.0234417 0.943724 -0.133475 120.787 89.8274 0 120.813 88.8108 0.14379
-0.067719 0.950034 -0.166196 120.787 89.8274 0 120.873 88.619 0.211395
-0.100638 0.951429 -0.190273 120.787 89.8274 0 120.936 88.4237 0.280732
-0.122727 0.950968 -0.207319 120.787 89.8274 0 120.993 88.2354 0.347063
-0.138146 0.9496 -0.220652 120.787 89.8274 0 121.044 88.0626 0.410072
-0.152093 0.947802 -0.231266 120.787 89.8274 0 121.099 87.8864 0.473607
-0.162326 0.946109 -0.240046 120.787 89.8274 0 121.151 87.7095 0.537353
-0.170013 0.944689 -0.246511 120.787 89.8274 0 121.198 87.5456 0.595427
0.407515 -0.898788 -0.145882 122.397 85.4289 0 121.248 87.3756 0.656446
0.41522 -0.890326 -0.171206 122.397 85.4289 0 121.295 87.2106 0.714616
0.423788 -0.88022 -0.197772 122.397 85.4289 0 121.337 87.056 0.766088
0.43328 -0.867129 -0.229561 122.397 85.4289 0 121.381 86.8982 0.819718
0.443382 -0.851112 -0.264551 122.397 85.4289 0 121.422 86.7483 0.869975
0.453268 -0.832124 -0.302544 122.397 85.4289 0 121.459 86.6119 0.919268
0.465207 -0.806525 -0.34713 122.397 85.4289 0 121.494 86.4696 0.967065
0.477172 -0.77242 -0.400571 122.397 85.4289 0 121.534 86.3242 1.01559
0.487248 -0.731425 -0.457501 122.397 85.4289 0 121.574 86.1896 1.05729
0.496739 -0.673339 -0.526733 122.397 85.4289 0 121.617 86.0463 1.09887
0.501807 -0.60174 -0.599095 122.397 85.4289 0 121.66 85.9139 1.13526
0.503054 -0.527656 -0.660826 122.397 85.4289 0 121.692 85.8066 1.16014
0.505002 -0.444795 -0.714572 122.397 85.4289 0 121.714 85.7075 1.17487
0.510776 -0.364913 -0.75211 122.397 85.4289 0 121.717 85.6251 1.18223
0.814474 -0.580163 0.00508355 122.397 85.4289 0 121.754 85.6134 -0.00473833
0.830875 -0.556319 0.011058 122.397 85.4289 0 121.798 85.5828 -0.00933027
0.859254 -0.511341 0.00388821 122.397 85.4289 0 121.843 85.5434 -0.00289917
0.902528 -0.429484 -0.0188199 122.397 85.4289 0 121.883 85.495 0.0121498
0.978904 -0.193721 -0.0507007 122.397 85.4289 0 121.921 85.4088 0.0267067
0.946591 0.310796 -0.067029 122.397 85.4289 0 121.957 85.2847 0.0311084
0.841312 0.527144 -0.106132 122.397 85.4289 0 121.984 85.1707 0.0519953
0.685986 0.714839 -0.1269 122.397 85.4289 0 122.019 85.0356 0.0698266
0.530935 0.840115 -0.104323 122.397 85.4289 0 122.056 84.8909 0.0668163
0.383048 0.921218 -0.0604249 122.397 85.4289 0 122.105 84.7276 0.0459986
0.260937 0.964746 -0.0176795 122.397 85.4289 0 122.16 84.5534 0.0160437
0.167106 0.985304 0.0178636 122.397 85.4289 0 122.217 84.3731 -0.0191417
0.0928749 0.994327 0.0411313 122.397 85.4289 0 122.282 84.1983 -0.0509052
0.0268311 0.997619 0.0546396 122.397 85.4289 0 122.358 84.0106 -0.0776834
-0.0262008 0.997274 0.0604943 122.397 85.4289 0 122.438 83.8326 -0.0968313
-0.0723946 0.994443 0.0687518 122.397 85.4289 0 122.527 83.6373 -0.123869
-0.109753 0.989962 0.0824546 122.397 85.4289 0 122.618 83.4295 -0.166531
-0.137178 0.985474 0.0940545 122.397 85.4289 0 122.703 83.2275 -0.210109
0.373074 -0.925738 0.0590086 123.84 81.0081 0 122.794 82.9999 -0.261925
0.379216 -0.921495 0.0804752 123.84 81.0081 0 122.885 82.7649 -0.317258
0.386502 -0.915597 0.106669 123.84 81.0081 0 122.975 82.5356 -0.369061
0.396202 -0.905367 0.147478 123.84 81.0081 0 123.073 82.2863 -0.43364
0.40957 -0.886736 0.207621 123.84 81.0081 0 123.17 82.0347 -0.503988
0.428059 -0.852587 0.29088 123.84 81.0081 0 123.257 81.7931 -0.567938
0.452138 -0.775525 0.428146 123.84 81.0081 0 123.35 81.5356 -0.631852
0.463346 -0.582752 0.649565 123.84 81.0081 0 123.448 81.2768 -0.692159
0.389597 -0.16603 0.882212 123.84 81.0081 0 123.543 81.0398 -0.742477
0.224138 0.251943 0.917521 123.84 81.0081 0 123.646 80.7905 -0.792526
0.0929128 0.472669 0.854349 123.84 81.0081 0 123.749 80.5454 -0.836371
-0.0043782 0.609702 0.772804 123.84 81.0081 0 123.845 80.3175 -0.87534
-0.0771608 0.702815 0.689384 123.84 81.0081 0 123.942 80.0751 -0.915236
-0.12907 0.764472 0.615146 123.84 81.0081 0 124.038 79.8371 -0.942308
-0.164906 0.804836 0.554615 123.84 81.0081 0 124.125 79.6186 -0.957554
-0.192943 0.834469 0.501741 123.84 81.0081 0 124.214 79.3908 -0.972453
-0.21379 0.855796 0.457732 123.84 81.0081 0 124.3 79.1664 -0.985054
-0.229077 0.871574 0.421046 123.84 81.0081 0 124.38 78.9536 -0.992542
0.259252 -0.94014 0.214918 125.118 76.5714 0 124.467 78.7287 -0.992304
0.252587 -0.93602 0.237741 125.118 76.5714 0 124.558 78.5028 -0.985635
0.245413 -0.929562 0.266553 125.118 76.5714 0 124.641 78.2869 -0.987006
0.234199 -0.919637 0.305034 125.118 76.5714 0 124.733 78.0545 -0.984883
0.217359 -0.903219 0.357519 125.118 76.5714 0 124.829 77.8185 -0.984987
0.191111 -0.877411 0.424357 125.118 76.5714 0 124.928 77.5916 -0.979282
0.143892 -0.824462 0.526867 125.118 76.5714 0 125.039 77.3482 -0.975391
0.0580043 -0.705702 0.678499 125.118 76.5714 0 125.156 77.0972 -0.972492
-0.0830296 -0.449177 0.853157 125.118 76.5714 0 125.269 76.8531 -0.970368
-0.264811 -0.0107927 0.922557 125.118 76.5714 0 125.395 76.5827 -0.965847
-0.360133 0.236444 0.862128 125.118 76.5714 0 125.523 76.305 -0.971395
-0.423657 0.419474 0.765228 125.118 76.5714 0 125.654 76.0404 -0.968677
-0.464002 0.554951 0.655928 125.118 76.5714 0 125.796 75.7594 -0.959663
-0.487347 0.643615 0.55857 125.118 76.5714 0 125.944 75.4802 -0.947008
-0.499415 0.700431 0.480756 125.118 76.5714 0 126.083 75.2166 -0.929869
-0.505511 0.741283 0.414943 125.118 76.5714 0 126.232 74.9369 -0.914914
-0.508763 0.770746 0.35882 125.118 76.5714 0 126.382 74.6565 -0.891483
0.0346014 -0.977821 0.19257 126.23 72.125 0 126.524 74.3935 -0.86229
-0.0152006 -0.973371 0.211514 126.23 72.125 0 126.675 74.1159 -0.826683
-0.0813343 -0.963253 0.234209 126.23 72.125 0 126.824 73.8354 -0.78418
-0.166792 -0.943191 0.25953 126.23 72.125 0 126.966 73.5713 -0.737309
-0.293769 -0.896444 0.295203 126.23 72.125 0 127.116 73.2896 -0.690855
-0.462717 -0.800401 0.332625 126.23 72.125 0 127.258 73.0195 -0.640173
-0.68428 -0.588668 0.365988 126.23 72.125 0 127.398 72.7287 -0.586275
-0.874281 -0.225739 0.351194 126.23 72.125 0 127.534 72.4322 -0.521402
-0.924223 -0.0162873 0.295961 126.23 72.125 0 127.654 72.1501 -0.456111
-0.931751 0.164851 0.231664 126.23 72.125 0 127.772 71.8521 -0.383509
-0.912149 0.311976 0.166344 126.23 72.125 0 127.884 71.5592 -0.301704
-0.879729 0.42075 0.113509 126.23 72.125 0 127.977 71.2895 -0.225414
-0.83918 0.511552 0.0638987 126.23 72.125 0 128.065 71.0061 -0.13976
-0.796314 0.583527 0.0181916 126.23 72.125 0 128.14 70.7253 -0.0436363
-0.756361 0.637379 -0.0201572 126.23 72.125 0 128.202 70.4628 0.0525684
-0.142105 -0.986261 -0.0329246 127.177 67.6754 0 128.26 70.189 0.159109
-0.181477 -0.977596 -0.0619661 127.177 67.6754 0 128.312 69.9223 0.268251
-0.224937 -0.964771 -0.0958152 127.177 67.6754 0 128.355 69.6768 0.371533
-0.279356 -0.943449 -0.140595 127.177 67.6754 0 128.398 69.425 0.482502
-0.346661 -0.908177 -0.198314 127.177 67.6754 0 128.439 69.174 0.597468
-0.424276 -0.852805 -0.268882 127.177 67.6754 0 128.475 68.9329 0.711041
-0.52235 -0.753654 -0.363414 127.177 67.6754 0 128.507 68.6704 0.835371
-0.62988 -0.587916 -0.472103 127.177 67.6754 0 128.54 68.4003 0.959519
-0.712286 -0.357779 -0.569754 127.177 67.6754 0 128.564 68.1401 1.0798
-0.739641 -0.0970871 -0.63548 127.177 67.6754 0 128.586 67.8604 1.21079
-0.714936 0.0510091 -0.671116 127.177 67.6754 0 128.608 67.5733 1.34366
-0.68168 0.174251 -0.688033 127.177 67.6754 0 128.63 67.304 1.46662
-0.638653 0.285983 -0.695269 127.177 67.6754 0 128.651 67.0154 1.60468
-0.593288 0.378088 -0.694411 127.177 67.6754 0 128.665 66.7268 1.74231
-0.553501 0.447275 -0.688514 127.177 67.6754 0 128.679 66.4618 1.86815
-0.513114 0.507653 -0.680022 127.177 67.6754 0 128.687 66.1818 2.00071
-0.475744 0.556785 -0.670479 127.177 67.6754 0 128.692 65.9027 2.13474
-0.0791645 -0.895672 -0.431796 127.96 63.2288 0 128.691 65.6452 2.25914
-0.0922607 -0.860314 -0.495386 127.96 63.2288 0 128.685 65.3757 2.3914
-0.105441 -0.81331 -0.566089 127.96 63.2288 0 128.674 65.1101 2.52546
-0.116873 -0.756573 -0.63713 127.96 63.2288 0 128.656 64.8639 2.64696
-0.127769 -0.679202 -0.716383 127.96 63.2288 0 128.631 64.606 2.77998
-0.13504 -0.586415 -0.792263 127.96 63.2288 0 128.598 64.3602 2.90927
-0.137314 -0.485644 -0.856932 127.96 63.2288 0 128.559 64.138 3.03245
-0.133838 -0.370667 -0.91285 127.96 63.2288 0 128.507 63.9149 3.16144
-0.126528 -0.250534 -0.953848 127.96 63.2288 0 128.451 63.6994 3.29137
-0.115901 -0.13974 -0.977751 127.96 63.2288 0 128.394 63.5052 3.41256
-0.104029 -0.0278374 -0.988931 127.96 63.2288 0 128.335 63.3053 3.54027
-0.0856306 0.0313884 -0.990932 127.96 63.2288 0 128.276 63.1128 3.66204
-0.0697389 0.0759515 -0.990063 127.96 63.2288 0 128.226 62.9394 3.77274
-0.0539631 0.119834 -0.987003 127.96 63.2288 0 128.172 62.757 3.88575
-0.0124669 -0.00226853 -0.995798 127.96 63.2288 0 128.123 62.594 3.99036
0.00797319 0.00133257 -0.996073 127.96 63.2288 0 128.067 62.4279 4.10034
0.0278462 0.00483419 -0.995916 127.96 63.2288 0 128.007 62.2729 4.2092
0.0468671 0.00818546 -0.995368 127.96 63.2288 0 127.943 62.1344 4.31172
0.0667526 0.0116891 -0.994397 127.96 63.2288 0 127.871 61.9935 4.42349
0.0863776 0.0151473 -0.993031 127.96 63.2288 0 127.795 61.855 4.53429
0.103907 0.0182358 -0.991472 127.96 63.2288 0 127.722 61.7308 4.64066
0.121946 0.0214142 -0.989523 127.96 63.2288 0 127.642 61.6068 4.75176
0.138993 0.0244181 -0.987361 127.96 63.2288 0 127.561 61.4885 4.86304
0.154271 0.0271098 -0.985153 127.96 63.2288 0 127.483 61.3869 4.96315
0.169935 0.0298695 -0.98262 127.96 63.2288 0 127.399 61.2824 5.06513
0.183911 0.0323317 -0.98014 127.96 63.2288 0 127.321 61.1838 5.16566
0.196825 0.0346072 -0.977648 127.96 63.2288 0 127.244 61.0991 5.25719
0.20973 0.0368805 -0.974968 127.96 63.2288 0 127.163 61.0201 5.3476
0.221837 0.0390137 -0.972286 127.96 63.2288 0 127.083 60.9469 5.43507
0.232685 0.0409253 -0.969743 127.96 63.2288 0 127.009 60.8818 5.51439
0.258935 -0.5781 -0.772321 128.58 58.7915 0 126.926 60.8147 5.6031
0.268879 -0.560225 -0.782047 128.58 58.7915 0 126.843 60.75 5.6869
0.277691 -0.54476 -0.789871 128.58 58.7915 0 126.767 60.6968 5.76485
0.286482 -0.528045 -0.798055 128.58 58.7915 0 126.691 60.6379 5.84371
0.294516 -0.512605 -0.805179 128.58 58.7915 0 126.619 60.5848 5.91908
0.30122 -0.496953 -0.812485 128.58 58.7915 0 126.559 60.5285 5.98761
0.30706 -0.47957 -0.820707 128.58 58.7915 0 126.507 60.4635 6.05516
0.310892 -0.461128 -0.829783 128.58 58.7915 0 126.473 60.393 6.12134
0.313213 -0.441513 -0.839515 128.58 58.7915 0 126.451 60.3168 6.18421
0.314059 -0.418599 -0.850846 128.58 58.7915 0 126.444 60.2262 6.24555
0.312697 -0.393584 -0.863181 128.58 58.7915 0 126.456 60.1267 6.30232
0.309841 -0.366863 -0.875869 128.58 58.7915 0 126.481 60.021 6.35268
0.304957 -0.336025 -0.889824 128.58 58.7915 0 126.52 59.9011 6.40378
0.298981 -0.305948 -0.902586 128.58 58.7915 0 126.567 59.7866 6.44763
0.292796 -0.277429 -0.913738 128.58 58.7915 0 126.614 59.6798 6.4827
0.285466 -0.245944 -0.92498 128.58 58.7915 0 126.669 59.5637 6.51323
0.277954 -0.213684 -0.935199 128.58 58.7915 0 126.723 59.4471 6.54018
0.270161 -0.185619 -0.943417 128.58 58.7915 0 126.777 59.3475 6.55981
0.262202 -0.155361 -0.95108 128.58 58.7915 0 126.831 59.2416 6.57696
0.253869 -0.12195 -0.958164 128.58 58.7915 0 126.886 59.1259 6.58833
0.243914 -0.0880479 -0.964424 128.58 58.7915 0 126.95 59.0105 6.59901
0.232839 -0.053318 -0.969666 128.58 58.7915 0 127.023 58.8937 6.59688
0.220587 -0.021485 -0.973719 128.58 58.7915 0 127.102 58.7886 6.58951
0.208648 0.00675498 -0.976525 128.58 58.7915 0 127.181 58.6967 6.57017
0.991315 0.131308 -0.00446823 128.58 58.7915 0 127.22 58.6114 0.00612736
0.97865 0.204888 -0.0146062 128.58 58.7915 0 127.265 58.5162 0.0196209
0.958848 0.281681 -0.0344349 128.58 58.7915 0 127.309 58.4181 0.0456467
0.926242 0.370837 -0.0666215 128.58 58.7915 0 127.353 58.3004 0.0882292
0.881482 0.461201 -0.100652 128.58 58.7915 0 127.394 58.1712 0.13536
0.813518 0.565819 -0.133531 128.58 58.7915 0 127.445 58.0022 0.186261
0.743498 0.648242 -0.163556 128.58 58.7915 0 127.481 57.8337 0.241659
0.662655 0.724024 -0.190812 128.58 58.7915 0 127.518 57.6314 0.305739
0.586101 0.783281 -0.206531 128.58 58.7915 0 127.551 57.4169 0.362438
0.508217 0.832767 -0.218757 128.58 58.7915 0 127.588 57.1667 0.426795
0.441023 0.867573 -0.228896 128.58 58.7915 0 127.624 56.9111 0.496109
0.379141 0.894237 -0.236874 128.58 58.7915 0 127.659 56.619 0.57546
0.345526 -0.9257 -0.153282 129.037 54.3695 0 127.691 56.3159 0.658117
0.381939 -0.902804 -0.196805 129.037 54.3695 0 127.724 56.0202 0.73728
0.431553 -0.863388 -0.260232 129.037 54.3695 0 127.761 55.7017 0.82705
0.496256 -0.794493 -0.348439 129.037 54.3695 0 127.798 55.3816 0.922265
0.570291 -0.677878 -0.461871 129.037 54.3695 0 127.831 55.0792 1.0201
0.64979 -0.457749 -0.60412 129.037 54.3695 0 127.862 54.7559 1.12174
0.679833 -0.124764 -0.719511 129.037 54.3695 0 127.89 54.4374 1.22495
0.640259 0.129921 -0.753855 129.037 54.3695 0 127.912 54.1411 1.32544
0.58426 0.281465 -0.758042 129.037 54.3695 0 127.931 53.8368 1.43492
0.528372 0.398695 -0.746576 129.037 54.3695 0 127.947 53.5467 1.54078
0.480673 0.481036 -0.730385 129.037 54.3695 0 127.959 53.2899 1.63932
0.438806 0.541701 -0.714489 129.037 54.3695 0 127.965 53.0459 1.74585
0.40355 0.58614 -0.700493 129.037 54.3695 0 127.971 52.8204 1.85141
0.377457 0.619081 -0.686923 129.037 54.3695 0 127.968 52.6163 1.94537
0.352462 0.646568 -0.675091 129.037 54.3695 0 127.966 52.4033 2.053
0.33118 0.667637 -0.665536 129.037 54.3695 0 127.959 52.1952 2.16754
0.294758 -0.835982 -0.462221 129.335 49.9692 0 127.947 52.0107 2.28066
0.312367 -0.800261 -0.51123 129.335 49.9692 0 127.928 51.8271 2.40101
0.330068 -0.759314 -0.560167 129.335 49.9692 0 127.905 51.6546 2.51888
0.346202 -0.716367 -0.605136 129.335 49.9692 0 127.882 51.5019 2.62692
0.362715 -0.664486 -0.652727 129.335 49.9692 0 127.854 51.3443 2.74613
0.378061 -0.607899 -0.697586 129.335 49.9692 0 127.822 51.1942 2.86492
0.390243 -0.550111 -0.737665 129.335 49.9692 0 127.795 51.0563 2.97918
0.401081 -0.485724 -0.776049 129.335 49.9692 0 127.763 50.9156 3.10204
0.409255 -0.417465 -0.810728 129.335 49.9692 0 127.736 50.7737 3.22143
0.414902 -0.348258 -0.840018 129.335 49.9692 0 127.711 50.6349 3.33353
0.417216 -0.269286 -0.867464 129.335 49.9692 0 127.691 50.4796 3.45432
0.415578 -0.18464 -0.890117 129.335 49.9692 0 127.678 50.3141 3.57626
0.410592 -0.103443 -0.905457 129.335 49.9692 0 127.67 50.1536 3.68728
0.4001 -0.0138 -0.915925 129.335 49.9692 0 127.673 49.9716 3.80844
0.387232 0.0261283 -0.921206 129.335 49.9692 0 127.689 49.7765 3.92954
0.375788 0.0253562 -0.925983 129.335 49.9692 0 127.714 49.5793 4.04122
0.361467 0.0243894 -0.931716 129.335 49.9692 0 127.757 49.3567 4.15396
0.347634 0.0234555 -0.937007 129.335 49.9692 0 127.805 49.1362 4.25459
0.331776 0.0223854 -0.942786 129.335 49.9692 0 127.866 48.8924 4.36192
0.31651 0.0213545 -0.948065 129.335 49.9692 0 127.927 48.6412 4.46566
0.302429 0.0204035 -0.952689 129.335 49.9692 0 127.988 48.3993 4.55607
0.286838 0.0193508 -0.957536 129.335 49.9692 0 128.059 48.1334 4.65244
0.271598 0.0183209 -0.962004 129.335 49.9692 0 128.131 47.8674 4.7452
0.482483 -0.418432 -0.769352 129.473 45.5963 0 128.203 47.619 4.82918
0.460226 -0.379513 -0.802452 129.473 45.5963 0 128.273 47.3634 4.90996
0.435979 -0.338851 -0.833582 129.473 45.5963 0 128.343 47.1158 4.98676
0.410866 -0.299152 -0.861073 129.473 45.5963 0 128.41 46.8895 5.05553
0.382931 -0.255542 -0.887583 129.473 45.5963 0 128.478 46.6538 5.12208
0.353627 -0.211215 -0.911084 129.473 45.5963 0 128.544 46.427 5.19281
0.326002 -0.169775 -0.929858 129.473 45.5963 0 128.602 46.2223 5.2559
0.297299 -0.127552 -0.946088 129.473 45.5963 0 128.659 46.0191 5.32178
0.27002 -0.0878264 -0.958706 129.473 45.5963 0 128.711 45.8305 5.38134
0.246358 -0.0528039 -0.967607 129.473 45.5963 0 128.754 45.6647 5.43576
0.221711 -0.018073 -0.974814 129.473 45.5963 0 128.799 45.501 5.48934
0.198765 0.0142445 -0.979813 129.473 45.5963 0 128.839 45.3472 5.54388
0.180305 0.0421522 -0.982577 129.473 45.5963 0 128.869 45.2115 5.59147
0.164343 0.0688177 -0.983872 129.473 45.5963 0 128.892 45.078 5.63966
0.149485 0.0930192 -0.984255 129.473 45.5963 0 128.913 44.9548 5.685
0.137826 0.113115 -0.983857 129.473 45.5963 0 128.929 44.85 5.72239
0.128395 0.131269 -0.982882 129.473 45.5963 0 128.94 44.753 5.75397
0.119517 0.146305 -0.98188 129.473 45.5963 0 128.952 44.672 5.78284
0.114705 0.156598 -0.980867 129.473 45.5963 0 128.956 44.6151 5.79939
0.110433 0.164488 -0.980065 129.473 45.5963 0 128.961 44.5718 5.81198
0.108625 0.167927 -0.979684 129.473 45.5963 0 128.964 44.5528 5.81712
0.108356 0.168101 -0.979684 129.473 45.5963 0 128.965 44.5527 5.81347
0.1094 0.166008 -0.979924 129.473 45.5963 0 128.964 44.5661 5.80055
0.109013 0.162532 -0.980549 129.473 45.5963 0 128.971 44.5902 5.77944
0.10745 0.157468 -0.981546 129.473 45.5963 0 128.983 44.6252 5.75376
0.103847 0.151599 -0.982855 129.473 45.5963 0 129.004 44.6682 5.71728
0.0971977 0.145171 -0.984502 129.473 45.5963 0 129.036 44.7191 5.66534
0.0873405 0.139687 -0.986214 129.473 45.5963 0 129.077 44.7673 5.61065
0.0746356 0.134803 -0.987931 129.473 45.5963 0 129.125 44.8152 5.54566
0.0586184 0.131021 -0.989513 129.473 45.5963 0 129.183 44.8603 5.47146
0.046233 0.00143411 -0.998795 129.473 45.5963 0 129.245 44.8973 5.39856
0.0328278 0.00100883 -0.999318 129.473 45.5963 0 129.32 44.9288 5.3129
0.0175425 0.000523678 -0.999696 129.473 45.5963 0 129.402 44.9496 5.22863
0.00104126 0 -0.999841 129.473 45.5963 0 129.488 44.9624 5.14281
-0.0186678 -0.000625382 -0.999657 129.473 45.5963 0 129.588 44.9645 5.04889
-0.0405507 -0.0013195 -0.998997 129.473 45.5963 0 129.695 44.9559 4.95602
-0.0621974 -0.00200657 -0.997872 129.473 45.5963 0 129.798 44.9394 4.87165
-0.086602 -0.0027808 -0.996036 129.473 45.5963 0 129.911 44.9149 4.78226
-0.112213 -0.00359326 -0.99346 129.473 45.5963 0 130.027 44.8851 4.69334
-0.137593 -0.00439863 -0.99025 129.473 45.5963 0 130.139 44.8501 4.61428
-0.16459 -0.00525599 -0.986101 129.473 45.5963 0 130.255 44.8097 4.52819
-0.191522 -0.00611166 -0.981202 129.473 45.5963 0 130.369 44.7612 4.44933
-0.216519 -0.00690469 -0.975969 129.473 45.5963 0 130.473 44.7101 4.37617
-0.243267 -0.00775373 -0.969629 129.473 45.5963 0 130.583 44.6509 4.29956
-0.269203 -0.00857629 -0.962735 129.473 45.5963 0 130.69 44.589 4.23168
-0.29659 -0.0094444 -0.95464 129.473 45.5963 0 130.804 44.5162 4.16745
-0.32456 -0.0103311 -0.945483 129.473 45.5963 0 130.92 44.4406 4.10209
-0.350682 -0.0111592 -0.936099 129.473 45.5963 0 131.029 44.3649 4.04287
0.692163 -0.118417 -0.711785 133.223 44.3084 0 131.146 44.2756 3.98047
0.674802 -0.0960495 -0.731535 133.223 44.3084 0 131.267 44.1807 3.91767
0.655189 -0.0710303 -0.751917 133.223 44.3084 0 131.383 44.0828 3.86071
0.630405 -0.0405158 -0.774987 133.223 44.3084 0 131.511 43.9739 3.7965
0.601261 -0.00606243 -0.798784 133.223 44.3084 0 131.64 43.862 3.73047
0.568739 0.0307283 -0.821669 133.223 44.3084 0 131.764 43.7526 3.66817
0.527842 0.0747725 -0.845732 133.223 44.3084 0 131.898 43.632 3.60295
0.476881 0.126544 -0.869455 133.223 44.3084 0 132.039 43.5 3.53943
0.420822 0.17983 -0.888751 133.223 44.3084 0 132.173 43.3731 3.47856
0.352015 0.241378 -0.903918 133.223 44.3084 0 132.317 43.2321 3.41484
0.273303 0.30545 -0.911696 133.223 44.3084 0 132.466 43.0907 3.34872
0.186663 0.369746 -0.909713 133.223 44.3084 0 132.616 42.9459 3.28735
0.122499 0.424197 -0.896738 133.223 44.3084 0 132.783 42.7868 3.21661
0.072673 0.47057 -0.878822 133.223 44.3084 0 132.963 42.6242 3.14536
0.0245368 0.514026 -0.856852 133.223 44.3084 0 133.135 42.464 3.07456
-0.0272825 0.558613 -0.828379 133.223 44.3084 0 133.321 42.2892 2.99432
-0.0794474 0.601031 -0.794645 133.223 44.3084 0 133.514 42.1024 2.91658
-0.127293 0.637697 -0.759063 133.223 44.3084 0 133.699 41.9207 2.84207
-0.175879 0.673062 -0.717736 133.223 44.3084 0 133.9 41.7185 2.76175
-0.221751 0.704286 -0.673773 133.223 44.3084 0 134.106 41.5042 2.68273
0.837049 0.175776 -0.517788 136.903 42.8829 0 134.303 41.3006 2.60549
0.801546 0.258564 -0.538753 136.903 42.8829 0 134.514 41.0878 2.51703
0.753788 0.347964 -0.556983 136.903 42.8829 0 134.726 40.8887 2.42586
0.695056 0.438516 -0.569226 136.903 42.8829 0 134.927 40.7093 2.33187
0.617009 0.53643 -0.575212 136.903 42.8829 0 135.137 40.5296 2.23178
0.522459 0.63295 -0.570658 136.903 42.8829 0 135.345 40.3553 2.12679
0.414523 0.720089 -0.555713 136.903 42.8829 0 135.552 40.1951 2.02171
0.322215 0.782556 -0.531902 136.903 42.8829 0 135.737 40.0522 1.92404
0.270011 0.820284 -0.503335 136.903 42.8829 0 135.926 39.915 1.82118
0.222632 0.851176 -0.474384 136.903 42.8829 0 136.096 39.7981 1.71927
0.173848 0.878904 -0.443181 136.903 42.8829 0 136.27 39.684 1.61304
0.127983 0.901876 -0.411516 136.903 42.8829 0 136.434 39.5816 1.50638
0.0884741 0.919412 -0.382045 136.903 42.8829 0 136.577 39.4996 1.40589
0.0494994 0.93475 -0.350566 136.903 42.8829 0 136.719 39.4234 1.29744
0.0155551 0.946565 -0.320744 136.903 42.8829 0 136.845 39.3619 1.19309
-0.0189323 0.95662 -0.289185 136.903 42.8829 0 136.973 39.3062 1.08123
-0.0505556 0.964546 -0.257309 136.903 42.8829 0 137.093 39.2564 0.967427
-0.0789659 0.970224 -0.227016 136.903 42.8829 0 137.201 39.2213 0.856765
-0.107567 0.974282 -0.195691 136.903 42.8829 0 137.31 39.1978 0.740178
-0.134613 0.976729 -0.164177 136.903 42.8829 0 137.413 39.1832 0.621889
0.952403 0.285334 -0.105178 140.507 41.3227 0 137.509 39.1773 0.507771
0.94924 0.302632 -0.0828501 140.507 41.3227 0 137.604 39.1802 0.38634
0.945225 0.319882 -0.0607029 140.507 41.3227 0 137.698 39.1861 0.273456
0.940739 0.336124 -0.0380305 140.507 41.3227 0 137.783 39.1919 0.166006
0.935205 0.352949 -0.0136097 140.507 41.3227 0 137.871 39.2007 0.0574942
0.92871 0.369697 0.0116353 140.507 41.3227 0 137.955 39.2094 -0.0476313
0.921104 0.386736 0.0355338 140.507 41.3227 0 138.034 39.2152 -0.141244
0.91219 0.40404 0.0621421 140.507 41.3227 0 138.115 39.224 -0.239679
0.901889 0.421705 0.0888933 140.507 41.3227 0 138.194 39.2328 -0.332864
0.890137 0.439715 0.115683 140.507 41.3227 0 138.273 39.2415 -0.420786
0.877934 0.456455 0.141041 140.507 41.3227 0 138.342 39.2474 -0.500396
0.862332 0.476625 0.167807 140.507 41.3227 0 138.416 39.2473 -0.580247
0.846029 0.496146 0.192237 140.507 41.3227 0 138.482 39.2444 -0.649945
0.827028 0.517001 0.218043 140.507 41.3227 0 138.552 39.2415 -0.720419
0.807362 0.536276 0.24356 140.507 41.3227 0 138.616 39.2386 -0.788778
0.787675 0.554106 0.266902 140.507 41.3227 0 138.673 39.2328 -0.850505
0.767053 0.571197 0.289856 140.507 41.3227 0 138.73 39.2299 -0.909032
0.746563 0.586487 0.311901 140.507 41.3227 0 138.779 39.2241 -0.966607
0.729434 0.597656 0.330594 140.507 41.3227 0 138.821 39.2241 -1.01436
0.714343 0.60526 0.349137 140.507 41.3227 0 138.856 39.227 -1.06362
0.700588 0.611708 0.365371 140.507 41.3227 0 138.884 39.227 -1.10798
0.688215 0.618408 0.377391 140.507 41.3227 0 138.909 39.2241 -1.13999
0.677877 0.622602 0.389007 140.507 41.3227 0 138.931 39.2271 -1.17043
0.67202 0.622152 0.399733 140.507 41.3227 0 138.945 39.2358 -1.20034
0.667977 0.622309 0.406186 140.507 41.3227 0 138.953 39.2388 -1.21915
0.661567 0.624931 0.412535 140.507 41.3227 0 138.954 39.2241 -1.24492
0.652268 0.633308 0.41448 140.507 41.3227 0 138.957 39.1947 -1.25781
0.642152 0.645702 0.411072 140.507 41.3227 0 138.965 39.1625 -1.24984
0.64635 0.762911 0.0139936 140.507 41.3227 0 139.073 39.1205 -0.037694
0.552433 0.83273 0.0370297 140.507 41.3227 0 139.217 39.0525 -0.0974677
0.429311 0.900939 0.0631167 140.507 41.3227 0 139.382 38.961 -0.165452
0.354329 0.930196 0.0956682 140.507 41.3227 0 139.566 38.8515 -0.254161
0.271684 0.953178 0.132639 140.507 41.3227 0 139.766 38.7219 -0.361913
0.187813 0.966959 0.172219 140.507 41.3227 0 139.974 38.5776 -0.488919
0.106529 0.972068 0.208913 140.507 41.3227 0 140.186 38.3943 -0.629359
0.028187 0.969548 0.242949 140.507 41.3227 0 140.416 38.1909 -0.78477
-0.0362255 0.961372 0.272445 140.507 41.3227 0 140.633 37.9908 -0.94423
-0.0988519 0.94798 0.302112 140.507 41.3227 0 140.877 37.7777 -1.12976
0.921183 0.271249 0.278722 144.032 39.6307 0 141.109 37.5862 -1.31906
0.865158 0.364135 0.34447 144.032 39.6307 0 141.358 37.3977 -1.52876
0.787812 0.457154 0.412326 144.032 39.6307 0 141.602 37.2211 -1.74305
0.694472 0.540514 0.474454 144.032 39.6307 0 141.835 37.0647 -1.94813
0.578527 0.617587 0.532308 144.032 39.6307 0 142.078 36.9071 -2.16523
0.454506 0.676653 0.57875 144.032 39.6307 0 142.314 36.7609 -2.38448
0.342604 0.713493 0.610651 144.032 39.6307 0 142.523 36.6289 -2.59179
0.332925 0.693327 0.638577 144.032 39.6307 0 142.738 36.4928 -2.81373
0.323797 0.674309 0.663144 144.032 39.6307 0 142.946 36.3582 -3.032
0.315696 0.657431 0.683666 144.032 39.6307 0 143.136 36.2379 -3.23053
0.307318 0.639978 0.70374 144.032 39.6307 0 143.327 36.1183 -3.44113
0.299491 0.623677 0.721519 144.032 39.6307 0 143.507 36.0072 -3.64354
0.292147 0.608381 0.737412 144.032 39.6307 0 143.674 35.912 -3.83197
0.28464 0.592744 0.752916 144.032 39.6307 0 143.846 35.82 -4.02565
0.277155 0.577146 0.767676 144.032 39.6307 0 144.016 35.736 -4.21821
0.726867 0.188183 0.660124 147.471 37.81 0 144.169 35.6648 -4.39381
0.687106 0.214502 0.693791 147.471 37.81 0 144.328 35.5917 -4.57171
0.645463 0.238815 0.725109 147.471 37.81 0 144.485 35.5262 -4.74703
0.604814 0.260781 0.752064 147.471 37.81 0 144.63 35.4659 -4.90777
0.560435 0.282243 0.778221 147.471 37.81 0 144.78 35.4059 -5.07953
0.51384 0.302825 0.802255 147.471 37.81 0 144.935 35.3485 -5.24942
0.470006 0.320318 0.822082 147.471 37.81 0 145.078 35.2984 -5.40575
0.423455 0.337552 0.840271 147.471 37.81 0 145.228 35.246 -5.56847
0.378497 0.352645 0.855383 147.471 37.81 0 145.371 35.1962 -5.72807
0.336114 0.365297 0.867686 147.471 37.81 0 145.508 35.1536 -5.87737
0.292794 0.376689 0.878447 147.471 37.81 0 145.648 35.1112 -6.0368
0.250757 0.386659 0.887079 147.471 37.81 0 145.788 35.0712 -6.19312
0.209945 0.396427 0.893344 147.471 37.81 0 145.92 35.0332 -6.33265
0.204419 0.385991 0.899183 147.471 37.81 0 146.059 34.9953 -6.48152
0.199197 0.376129 0.904526 147.471 37.81 0 146.201 34.9545 -6.62636
0.194561 0.367375 0.909127 147.471 37.81 0 146.33 34.9162 -6.76093
0.189604 0.358012 0.913903 147.471 37.81 0 146.465 34.8802 -6.90273
0.185274 0.349838 0.917953 147.471 37.81 0 146.595 34.8392 -7.03827
0.181477 0.342668 0.921414 147.471 37.81 0 146.715 34.8004 -7.16087
0.177632 0.335405 0.924835 147.471 37.81 0 146.84 34.759 -7.28932
0.173967 0.328482 0.928017 147.471 37.81 0 146.961 34.7199 -7.41383
0.170651 0.32222 0.930831 147.471 37.81 0 147.075 34.683 -7.52788
0.167232 0.315767 0.933665 147.471 37.81 0 147.19 34.6463 -7.64951
0.163965 0.309595 0.936313 147.471 37.81 0 147.303 34.6117 -7.76491
0.161161 0.3043 0.938539 147.471 37.81 0 147.411 34.5743 -7.871
0.158348 0.298991 0.940728 147.471 37.81 0 147.523 34.5344 -7.98169
0.15593 0.294422 0.942577 147.471 37.81 0 147.628 34.4941 -8.08251
0.153439 0.28972 0.944447 147.471 37.81 0 147.739 34.4513 -8.18952
0.469828 0.0562789 0.880723 150.819 35.8642 0 147.849 34.4084 -8.29772
0.448071 0.067664 0.891195 150.819 35.8642 0 147.956 34.3627 -8.39802
0.423285 0.0807738 0.902153 150.819 35.8642 0 148.077 34.3089 -8.50579
0.396683 0.0952801 0.912764 150.819 35.8642 0 148.206 34.2472 -8.61361
0.368996 0.110616 0.922594 150.819 35.8642 0 148.337 34.1799 -8.71945
0.34135 0.12604 0.931218 150.819 35.8642 0 148.467 34.1098 -8.8229
0.311173 0.142475 0.939385 150.819 35.8642 0 148.607 34.0343 -8.93436
0.281936 0.158122 0.946087 150.819 35.8642 0 148.743 33.9609 -9.04027
0.249996 0.175403 0.952002 150.819 35.8642 0 148.89 33.8768 -9.15138
0.216969 0.192965 0.956693 150.819 35.8642 0 149.044 33.7894 -9.26216
0.18654 0.208911 0.959756 150.819 35.8642 0 149.186 33.707 -9.36493
0.155 0.224561 0.961832 150.819 35.8642 0 149.335 33.6243 -9.47668
0.135154 0.232505 0.96294 150.819 35.8642 0 149.485 33.5437 -9.58467
0.133372 0.229442 0.963927 150.819 35.8642 0 149.63 33.4682 -9.69457
0.131974 0.227037 0.964692 150.819 35.8642 0 149.763 33.3952 -9.79131
0.130322 0.224199 0.965584 150.819 35.8642 0 149.899 33.3248 -9.89767
0.12878 0.221546 0.966408 150.819 35.8642 0 150.027 33.2595 -9.99485
0.127226 0.218873 0.967226 150.819 35.8642 0 150.16 33.1912 -10.0951
0.125664 0.216187 0.968036 150.819 35.8642 0 150.287 33.1281 -10.193
0.124062 0.213433 0.968856 150.819 35.8642 0 150.4 33.0784 -10.2808
0.12199 0.209871 0.969899 150.819 35.8642 0 150.511 33.0417 -10.3701
0.1197 0.205933 0.97103 150.819 35.8642 0 150.612 33.0184 -10.4562
0.117281 0.201772 0.9722 150.819 35.8642 0 150.697 33.0112 -10.5319
0.114682 0.1973 0.973429 150.819 35.8642 0 150.775 33.0147 -10.6051
0.113078 0.19454 0.974173 150.819 35.8642 0 150.845 32.9977 -10.6753
0.112529 0.193598 0.974426 150.819 35.8642 0 150.9 32.9603 -10.7484
0.112458 0.193476 0.974459 150.819 35.8642 0 150.973 32.906 -10.8007
0.112725 0.193937 0.974335 150.819 35.8642 0 151.054 32.843 -10.8347
-0.103124 0.994667 0.000725835 150.819 35.8642 0 151.137 32.8035 -0.00223346
0.999846 0.0137098 0.00878518 154.073 33.7967 0 151.254 32.7563 -0.0372239
0.998428 0.0491764 0.0259284 154.073 33.7967 0 151.393 32.7015 -0.103283
0.99419 0.0932147 0.0532734 154.073 33.7967 0 151.547 32.6426 -0.197801
0.983364 0.15332 0.0970272 154.073 33.7967 0 151.734 32.5761 -0.330202
0.958685 0.23863 0.154528 154.073 33.7967 0 151.935 32.4832 -0.478296
0.910259 0.348891 0.222631 154.073 33.7967 0 152.135 32.3657 -0.630367
0.814414 0.493958 0.304206 154.073 33.7967 0 152.352 32.2085 -0.799241
0.660145 0.645061 0.384567 154.073 33.7967 0 152.577 32.0296 -0.977826
0.491538 0.747833 0.446016 154.073 33.7967 0 152.796 31.8549 -1.15808
0.380174 0.77687 0.501702 154.073 33.7967 0 153.035 31.6761 -1.36944
0.276272 0.786748 0.551741 154.073 33.7967 0 153.271 31.5139 -1.60091
0.187141 0.784469 0.590975 154.073 33.7967 0 153.495 31.3736 -1.82538
0.101203 0.773012 0.625965 154.073 33.7967 0 153.738 31.2367 -2.07295
0.0280946 0.757565 0.651852 154.073 33.7967 0 153.973 31.1169 -2.30583
-0.0382325 0.738455 0.672918 154.073 33.7967 0 154.218 30.9953 -2.55271
0.828425 -0.0654975 0.55606 157.226 31.6113 0 154.462 30.8784 -2.80085
0.777121 -0.0155558 0.628945 157.226 31.6113 0 154.69 30.7718 -3.03318
0.709741 0.0403111 0.703075 157.226 31.6113 0 154.923 30.6605 -3.28304
0.628457 0.0987122 0.771305 157.226 31.6113 0 155.153 30.5479 -3.53708
0.540965 0.155124 0.826351 157.226 31.6113 0 155.372 30.4371 -3.77485
0.441242 0.212869 0.871498 157.226 31.6113 0 155.601 30.3165 -4.02506
0.339091 0.267208 0.901717 157.226 31.6113 0 155.83 30.192 -4.26235
0.246608 0.310575 0.917704 157.226 31.6113 0 156.04 30.0792 -4.4843
0.213213 0.307556 0.927037 157.226 31.6113 0 156.26 29.9645 -4.71628
0.201539 0.290711 0.935051 157.226 31.6113 0 156.47 29.8613 -4.94071
0.190762 0.275161 0.941991 157.226 31.6113 0 156.675 29.764 -5.15386
0.181491 0.261782 0.94762 157.226 31.6113 0 156.868 29.675 -5.34049
0.171906 0.247954 0.953114 157.226 31.6113 0 157.07 29.589 -5.53195
0.163213 0.235415 0.957814 157.226 31.6113 0 157.258 29.5137 -5.70373
0.153795 0.221827 0.962608 157.226 31.6113 0 157.459 29.4412 -5.88685
0.144748 0.208776 0.966927 157.226 31.6113 0 157.661 29.3713 -6.06267
0.136637 0.197075 0.970562 157.226 31.6113 0 157.852 29.3065 -6.22277
0.477592 -0.133576 0.868158 160.274 29.3119 0 158.054 29.236 -6.38204
0.432105 -0.106935 0.895246 160.274 29.3119 0 158.255 29.1625 -6.53588
0.387357 -0.0808338 0.918161 160.274 29.3119 0 158.445 29.0914 -6.67282
0.339066 -0.0526537 0.939068 160.274 29.3119 0 158.644 29.0144 -6.81051
0.289137 -0.0230322 0.956788 160.274 29.3119 0 158.845 28.9314 -6.93976
0.242545 0.00445375 0.969905 160.274 29.3119 0 159.03 28.8537 -7.0542
0.193828 0.0322247 0.980281 160.274 29.3119 0 159.222 28.7757 -7.17504
0.14628 0.0592236 0.987245 160.274 29.3119 0 159.41 28.6976 -7.29183
0.102882 0.0846945 0.990858 160.274 29.3119 0 159.582 28.6192 -7.38979
0.074187 0.0983135 0.992165 160.274 29.3119 0 159.757 28.5377 -7.4887
0.0706276 0.0935955 0.992883 160.274 29.3119 0 159.925 28.4534 -7.58286
0.0678465 0.0899111 0.99342 160.274 29.3119 0 160.077 28.3718 -7.66538
0.0651803 0.0863782 0.993916 160.274 29.3119 0 160.236 28.2844 -7.74954
0.0629291 0.0833953 0.994319 160.274 29.3119 0 160.386 28.1969 -7.83281
0.0611537 0.0810412 0.994628 160.274 29.3119 0 160.521 28.115 -7.90587
0.0596438 0.0790426 0.994884 160.274 29.3119 0 160.654 28.0302 -7.98184
0.0581366 0.0770442 0.995133 160.274 29.3119 0 160.785 27.948 -8.05449
0.0571061 0.0756811 0.995301 160.274 29.3119 0 160.903 27.8687 -8.12091
0.0559301 0.0741214 0.995489 160.274 29.3119 0 161.028 27.7864 -8.19109
0.0547349 0.0725392 0.995674 160.274 29.3119 0 161.151 27.7067 -8.25771
0.0537764 0.0712693 0.995819 160.274 29.3119 0 161.262 27.6327 -8.31993
0.213717 -0.0765078 0.973715 163.214 26.9028 0 161.374 27.5614 -8.38181
0.201355 -0.0686452 0.976932 163.214 26.9028 0 161.474 27.4958 -8.43889
0.189371 -0.060188 0.979881 163.214 26.9028 0 161.573 27.4244 -8.49211
0.177652 -0.0517881 0.982552 163.214 26.9028 0 161.67 27.353 -8.54063
0.167145 -0.0440888 0.984769 163.214 26.9028 0 161.757 27.2872 -8.58566
0.156471 -0.0364253 0.986835 163.214 26.9028 0 161.845 27.2213 -8.62945
0.146379 -0.0284953 0.988643 163.214 26.9028 0 161.931 27.1525 -8.66414
0.137041 -0.0212494 0.990163 163.214 26.9028 0 162.01 27.0894 -8.69493
0.127614 -0.0133788 0.99156 163.214 26.9028 0 162.091 27.0205 -8.72525
0.118516 -0.00521171 0.992765 163.214 26.9028 0 162.169 26.9487 -8.74817
0.110085 0.00261271 0.993747 163.214 26.9028 0 162.243 26.8798 -8.76648
0.100967 0.0114149 0.994654 163.214 26.9028 0 162.323 26.8021 -8.77637
0.0917292 0.0208634 0.995397 163.214 26.9028 0 162.404 26.7187 -8.78586
0.0833625 0.0302963 0.99589 163.214 26.9028 0 162.477 26.6352 -8.79582
0.074646 0.0406864 0.996211 163.214 26.9028 0 162.554 26.5431 -8.80686
0.0664535 0.0514104 0.996295 163.214 26.9028 0 162.626 26.4481 -8.81228
0.0592171 0.0617854 0.996163 163.214 26.9028 0 162.69 26.3559 -8.81847
0.0521905 0.0728527 0.995809 163.214 26.9028 0 162.752 26.2578 -8.81664
0.0458218 0.0842164 0.995226 163.214 26.9028 0 162.808 26.1567 -8.81659
0.040393 0.0939382 0.994591 163.214 26.9028 0 162.856 26.0701 -8.8169
0.0351165 0.103988 0.993792 163.214 26.9028 0 162.902 25.9804 -8.81521
0.0306552 0.113057 0.99295 163.214 26.9028 0 162.942 25.8994 -8.8129
0.0271613 0.120173 0.992216 163.214 26.9028 0 162.973 25.8357 -8.811
0.0242839 0.126297 0.99153 163.214 26.9028 0 162.998 25.7806 -8.81023
0.022386 0.130754 0.990998 163.214 26.9028 0 163.015 25.74 -8.81307
0.0215363 0.132626 0.990768 163.214 26.9028 0 163.022 25.7226 -8.81677
0.021826 0.132871 0.990729 163.214 26.9028 0 163.019 25.7196 -8.822
0.0227099 0.132142 0.990807 163.214 26.9028 0 163.011 25.7254 -8.82816
0.0242038 0.131443 0.990864 163.214 26.9028 0 162.998 25.7312 -8.8322
0.0254896 0.130445 0.990963 163.214 26.9028 0 162.986 25.7398 -8.83479
0.0263435 0.129444 0.991072 163.214 26.9028 0 162.979 25.7485 -8.83756
0.0267622 0.128442 0.991191 163.214 26.9028 0 162.975 25.7572 -8.84048
0.0271679 0.126436 0.991438 163.214 26.9028 0 162.971 25.7746 -8.84649
0.027319 0.124458 0.991685 163.214 26.9028 0 162.97 25.792 -8.8507
0.0273329 0.122856 0.991884 163.214 26.9028 0 162.97 25.8065 -8.85077
0.0277266 0.12158 0.99203 163.214 26.9028 0 162.966 25.8181 -8.8503
0.0285956 0.120706 0.992111 163.214 26.9028 0 162.959 25.8268 -8.84357
0.029765 0.120209 0.992136 163.214 26.9028 0 162.949 25.8326 -8.83254
0.0311156 0.119736 0.992151 163.214 26.9028 0 162.937 25.8384 -8.81955
0.0319146 0.118906 0.992226 163.214 26.9028 0 162.93 25.8471 -8.80906
0.032738 0.118353 0.992266 163.214 26.9028 0 162.923 25.8529 -8.80197
0.0336543 0.118758 0.992188 163.214 26.9028 0 162.915 25.85 -8.79557
0.0340958 0.1205 0.991963 163.214 26.9028 0 162.912 25.8355 -8.78582
0.0342732 0.12315 0.991632 163.214 26.9028 0 162.91 25.8123 -8.78069
0.0343437 0.126458 0.991214 163.214 26.9028 0 162.91 25.7833 -8.77482
0.0338548 0.12941 0.99085 163.214 26.9028 0 162.914 25.7572 -8.77145
0.0336806 0.132006 0.990513 163.214 26.9028 0 162.916 25.734 -8.77029
0.0334354 0.133916 0.990265 163.214 26.9028 0 162.918 25.7166 -8.77185
0.033094 0.13487 0.990148 163.214 26.9028 0 162.921 25.7079 -8.7727
0.0333522 0.134842 0.990143 163.214 26.9028 0 162.918 25.7079 -8.77452
0.033948 0.13386 0.990255 163.214 26.9028 0 162.913 25.7166 -8.77549
0.034887 0.131924 0.990482 163.214 26.9028 0 162.905 25.734 -8.77562
0.0362456 0.128976 0.990821 163.214 26.9028 0 162.893 25.7601 -8.7787
0.0379488 0.125071 0.991258 163.214 26.9028 0 162.878 25.7949 -8.78098
0.0403475 0.121136 0.991651 163.214 26.9028 0 162.856 25.8297 -8.785
0.0433335 0.115937 0.992145 163.214 26.9028 0 162.83 25.876 -8.78672
0.0465082 0.110754 0.992593 163.214 26.9028 0 162.802 25.9224 -8.78658
0.0500698 0.10589 0.992949 163.214 26.9028 0 162.771 25.9658 -8.78603
0.0532607 0.100691 0.993323 163.214 26.9028 0 162.743 26.0122 -8.7861
0.0559778 0.0961035 0.993628 163.214 26.9028 0 162.719 26.0527 -8.78934
0.0584482 0.091535 0.993917 163.214 26.9028 0 162.697 26.0932 -8.79082
0.0606735 0.0869847 0.994192 163.214 26.9028 0 162.677 26.1337 -8.79054
0.0644569 0.0778942 0.994707 163.214 26.9028 0 162.644 26.2146 -8.78842
0.0661343 0.0726958 0.99499 163.214 26.9028 0 162.63 26.2608 -8.78743
0.0676378 0.0681814 0.995209 163.214 26.9028 0 162.617 26.3012 -8.78189
0.0682353 0.0655935 0.995342 163.214 26.9028 0 162.612 26.3242 -8.77961
0.0701771 0.0597642 0.995574 163.214 26.9028 0 162.595 26.3761 -8.77397
0.0707908 0.0581693 0.995625 163.214 26.9028 0 162.59 26.3905 -8.76853
0.0710978 0.0569152 0.995675 163.214 26.9028 0 162.588 26.402 -8.76082
0.0722133 0.054374 0.995736 163.214 26.9028 0 162.579 26.425 -8.7491
0.0725904 0.0543963 0.995707 163.214 26.9028 0 162.576 26.425 -8.74526
0.0729694 0.0544186 0.995678 163.214 26.9028 0 162.573 26.425 -8.74142
0.0734778 0.0547823 0.99562 163.214 26.9028 0 162.569 26.4222 -8.73522
0.0746934 0.0568321 0.995415 163.214 26.9028 0 162.559 26.4049 -8.72102
0.075337 0.057541 0.995326 163.214 26.9028 0 162.554 26.3991 -8.71248
0.0756583 0.0578958 0.995281 163.214 26.9028 0 162.552 26.3962 -8.70821
0.0759798 0.0582511 0.995236 163.214 26.9028 0 162.549 26.3934 -8.70394
0.0761717 0.0582631 0.995221 163.214 26.9028 0 162.548 26.3934 -8.70203
0.0763635 0.058275 0.995205 163.214 26.9028 0 162.546 26.3934 -8.70011
0.0763635 0.058275 0.995205 163.214 26.9028 0 162.546 26.3934 -8.70011
0.0765449 0.0569741 0.995267 163.214 26.9028 0 162.545 26.4049 -8.69809
0.0766651 0.0563108 0.995295 163.214 26.9028 0 162.544 26.4106 -8.69897
0.0767251 0.0559792 0.995309 163.214 26.9028 0 162.543 26.4135 -8.6994
0.0764775 0.055993 0.995328 163.214 26.9028 0 162.545 26.4135 -8.69755
0.0762872 0.0559816 0.995343 163.214 26.9028 0 162.547 26.4135 -8.69947
% Time used: 23.5 seconds.
