0; 1; 1; 4; 5; 0; 2.653448; 1; 1; 0; 13.440084552014474; 16; 20.913668456927045; 0; 0; 18.830822534504378; 2; 0.083539469380587497; 1; 6; 2.0475370000000002; 0.25; 
0; 1; 1; 5; 6; 0.46875; 3.061423; 1; 1; 0; 14.076603079644597; 16; 20.084095702826861; 0; 0; 19.758944823283535; 2; 0.076091238629177521; 1; 6; 5.2224060000000003; 0.07407407407407407; 
0; 1; 1; 4; 5; 1.3828125; 3.2041270000000002; 1; 1; 0; 13.424017190618247; 16; 20.90018270202804; 0; 0; 18.821636302655993; 2; 0.083625799259489195; 1; 6; 4.8901500000000002; 0.068181818181818177; 
0; 1; 1; 6; 7; 5.5859375; 3.9784730000000001; 1; 1; 0; 15.017215112233767; 16; 20.402962499723884; 0; 0; 38.410406843024461; 4; 0.11390266340174102; 1; 6; 22.353681999999999; 0.013927576601671309; 
0; 1; 1; 4; 5; 7.203125; 2.751309; 1; 1; 0; 11.6017056973709; 16; 21.177910194872489; 0; 0; 16.109088567038366; 2; 0.1088452517509753; 1; 6; 5.2177740000000004; 0.034090909090909088; 
0; 1; 1; 6; 7; 8.671875; 3.8711859999999998; 1; 1; 0; 15.070374742623923; 16; 20.678418954077056; 0; 0; 21.319214191536432; 3; 0.24110947860238127; 1; 6; 7.1395150000000003; 0.052083333333333336; 
0; 1; 1; 8; 9; 12.26171875; 7.9070780000000003; 1; 1; 0; 46.692192282300908; 24; 1.788233463644102; 0; 0; 54.588488846119333; 6; 0.13718277021631031; 1; 6; 19.02375; 0.02456140350877193; 
0; 1; 1; 8; 9; 15.75; 2.14859; 1; 1; 0; 13.813140081407717; 16; 20.325638593175597; 0; 0; 19.394157135386955; 2; 0.078742051714404571; 1; 6; 14.090918; 0.032863849765258218; 
0; 1; 1; 7; 8; 16.83984375; 6.8613819999999999; 1; 1; 0; 22.942699567386541; 24; 5.9672885733861021; 0; 0; 41.459982293991445; 5; 0.21849943286983239; 1; 6; 5.5985659999999999; 0.080000000000000002; 
0; 1; 1; 5; 6; 18.32421875; 2.8796490000000001; 1; 1; 0; 14.055043034132432; 16; 20.103698667270116; 0; 0; 19.748943384372218; 2; 0.076159703932608069; 1; 6; 4.1028450000000003; 0.093023255813953487; 
0; 1; 1; 9; 10; 21.2890625; 3.5237349999999998; 1; 1; 0; 15.562033246555433; 16; 22.359783449450568; 0; 0; 29.505966499975486; 3; 0.080924272209983633; 1; 6; 14.723577000000001; 0.034334763948497854; 
0; 1; 1; 5; 6; 21.83984375; 4.2871730000000001; 1; 1; 0; 15.560035640037624; 16; 22.323438965946462; 0; 0; 31.37556991709242; 4; 0.22900945485366725; 1; 6; 2.4376289999999998; 0.23529411764705882; 
0; 1; 1; 6; 7; 24.31640625; 3.8543430000000001; 1; 1; 0; 13.529997110665223; 16; 20.710604721876365; 0; 0; 35.953397789859821; 4; 0.10771332008643569; 1; 6; 11.222178; 0.031446540880503145; 
0; 1; 1; 16; 17; 30.421875; 3.4291589999999998; 1; 1; 0; 14.091344151346405; 16; 20.128099277991335; 0; 0; 20.125132187624981; 3; 0.29948251686725746; 1; 6; 32.328020000000002; 0.026785714285714284; 
0; 1; 1; 5; 6; 33.421875; 3.8421959999999999; 1; 1; 0; 13.883346400130241; 16; 20.241758068358752; 0; 0; 20.567051567316277; 3; 0.26842809717188026; 1; 6; 14.835241; 0.015936254980079681; 
0; 1; 1; 3; 4; 34.3984375; 2.9318979999999999; 1; 1; 0; 13.233872917971434; 16; 21.413019016189356; 0; 0; 18.536025750041333; 2; 0.086458502098248277; 1; 6; 3.055088; 0.05128205128205128; 
0; 1; 1; 3; 4; 35.05859375; 2.6413899999999999; 1; 1; 0; 13.819522248697254; 16; 20.318395197530979; 0; 0; 19.369052299172871; 2; 0.078936680014102714; 1; 6; 2.3343310000000002; 0.083333333333333329; 
0; 1; 1; 18; 19; 40.6875; 12.146729000000001; 1; 1; 0; 41.721193891124749; 40; 5.1244685764303659; 0; 0; 58.130028491429556; 6; 0.14252028922017201; 1; 6; 33.360891000000002; 0.037117903930131008; 
0; 1; 1; 3; 4; 42.5390625; 21.740652000000001; 0; 0; 0; 13.644493553030655; 16; 20.552753502967516; 0; 0; 19.186974056341704; 2; 0.080399004199324178; 1; 6; 1.6895549999999999; 0.1111111111111111; 
0; 1; 1; 5; 6; 54.41015625; 3.81073; 1; 1; 0; 14.024843610046151; 16; 20.059715521750508; 0; 0; 20.392045821300552; 3; 0.27147722384304135; 1; 6; 6.1476189999999997; 0.053333333333333337; 
0; 1; 1; 7; 8; 61.2890625; 7.280799; 1; 1; 0; 29.534558579956805; 32; 5.9409570016427127; 0; 0; 39.969801309621019; 4; 0.11399232086793126; 1; 6; 35.764079000000002; 0.0094488188976377951; 
0; 1; 1; 12; 13; 65.51171875; 27.189691; 0; 0; 0; 36.486542392298887; 64; 18.860596226506029; 0; 0; 48.527796750655931; 5; 0.12148357370414567; 1; 6; 19.829352; 0.035031847133757961; 
0; 1; 1; 3; 4; 77.54296875; 19.788239000000001; 0; 0; 0; 13.261677990703538; 16; 21.378826929195938; 0; 0; 18.582216758816273; 2; 0.08598000949618792; 1; 6; 2.6621830000000002; 0.050000000000000003; 
0; 1; 1; 3; 4; 88.9609375; 2.7780849999999999; 1; 1; 0; 14.055220332501312; 16; 20.110467358853786; 0; 0; 19.761271670763271; 2; 0.076075342622117681; 1; 6; 3.950237; 0.038461538461538464; 
0; 1; 1; 5; 6; 91.3828125; 21.510925; 0; 0; 0; 29.516863179670906; 32; 8.0386713535199021; 0; 0; 37.57897492980527; 4; 0.14497219702095496; 1; 6; 11.792484; 0.022099447513812154; 
0; 1; 1; 8; 9; 105.09765625; 3.8977789999999999; 0; 0; 0; 13.603892149041902; 16; 20.620339194122074; 0; 0; 20.985199469731796; 3; 0.25250306480846862; 1; 6; 21.491765000000001; 0.028112449799196786; 
0; 1; 1; 24; 25; 115.89453125; 2.2833410000000001; 1; 1; 0; 13.041684656575036; 16; 22.033715379400441; 0; 0; 18.31388658328472; 2; 0.088879880136979686; 1; 6; 67.945834000000005; 0.022682445759368838; 
0; 1; 1; 4; 5; 118.69140625; 2.911772; 1; 1; 0; 14.199080955261252; 16; 20.048480769158669; 0; 0; 20.033930013060296; 3; 0.29681936408744092; 1; 6; 16.660845999999999; 0.012195121951219513; 
0; 1; 1; 10; 11; 120.2421875; 3.6235930000000001; 1; 1; 0; 14.923947926046422; 16; 20.553747863826572; 0; 0; 30.900143386309459; 4; 0.20561073222940224; 1; 6; 9.711862; 0.10714285714285714; 
0; 1; 1; 5; 6; 121.48828125; 3.1418080000000002; 1; 1; 0; 13.632661194759564; 16; 20.574083546697508; 0; 0; 19.1357378334998; 2; 0.080827175847936902; 1; 6; 5.1547510000000001; 0.054794520547945202; 
.
