0; 1; 1; 5; 6; 0.26171875; 3.5383290000000001; 1; 1; 0; 9.8620257388657073; 16; 8.0244745304972493; 0; 0; 12.331303764166499; 2; 0.12927698745780966; 1; 6; 12.736399; 0.035714285714285712; 
0; 1; 1; 3; 4; 0.34765625; 3.2865220000000002; 1; 1; 0; 9.5246706665075891; 16; 3.8697827342867734; 0; 0; 11.580954313499452; 2; 0.11066509579997108; 1; 6; 3.9213659999999999; 0.047619047619047616; 
0; 1; 1; 6; 7; 0.34765625; 4.2156120000000001; 1; 1; 0; 13.600229907383442; 16; 6.8597694990381344; 0; 0; 18.096087575500157; 3; 0.35633489069063101; 1; 6; 4.114293; 0.26315789473684209; 
0; 1; 1; 3; 4; 0.86328125; 22.507190000000001; 0; 0; 0; 10.213877105317408; 16; 5.2702165499258689; 0; 0; 12.723117302509472; 2; 0.10798750009238885; 1; 6; 0.824847; 0.20000000000000001; 
0; 1; 1; 4; 5; 12.38671875; 27.475459000000001; 0; 0; 0; 17.030467892786419; 48; 55.687594287666833; 0; 0; 20.88584283972979; 3; 0.14477051004872427; 1; 6; 4.0596329999999998; 0.083333333333333329; 
0; 1; 1; 4; 5; 24.4453125; 3.4130790000000002; 1; 1; 0; 11.686730088382001; 16; 6.4958555716807567; 0; 0; 15.219573973330204; 2; 0.090518830595287855; 1; 6; 2.853199; 0.15789473684210525; 
0; 1; 1; 4; 5; 24.69921875; 4.138738; 1; 1; 0; 10.390913863104487; 16; 14.230311779050396; 0; 0; 20.62771197800604; 3; 0.22152650715158384; 1; 6; 2.7716349999999998; 0.25; 
0; 1; 1; 3; 4; 25.21484375; 4.3786009999999997; 1; 1; 0; 13.858219018699147; 16; 6.6628349408053946; 0; 0; 18.621340715701685; 2; 0.068083643186224951; 1; 6; 1.7541199999999999; 0.2857142857142857; 
0; 1; 1; 6; 7; 25.5859375; 4.9225580000000004; 1; 1; 0; 11.052495452035943; 16; 8.031143763393743; 0; 0; 23.700368228962958; 4; 0.36684823237643477; 1; 6; 6.0569050000000004; 0.12195121951219512; 
0; 1; 1; 4; 5; 26.19140625; 8.9488099999999999; 1; 1; 0; 15.55831157280338; 24; 9.3250802494979048; 0; 0; 20.596061091231999; 3; 0.14372773922501764; 1; 6; 4.8343530000000001; 0.076923076923076927; 
0; 1; 1; 4; 5; 26.96484375; 3.4982690000000001; 1; 1; 0; 9.286393405263782; 16; 4.206437739553806; 0; 0; 11.364496359276096; 2; 0.11481862678415362; 1; 6; 2.1238830000000002; 0.09375; 
0; 1; 1; 8; 9; 27.47265625; 7.7245189999999999; 1; 1; 0; 16.880553201468121; 24; 21.107651480362581; 0; 0; 21.383895349977365; 3; 0.18113543320868036; 1; 6; 14.242997000000001; 0.05185185185185185; 
0; 1; 1; 5; 6; 28.25; 8.0473389999999991; 1; 1; 0; 18.60743460319938; 24; 4.3762740717661091; 0; 0; 24.096645125543002; 3; 0.11596642665078957; 1; 6; 10.720471999999999; 0.037037037037037035; 
0; 1; 1; 11; 12; 30.3046875; 11.523066999999999; 1; 1; 0; 30.455797518734428; 6; 0.43230957545251431; 0; 0; 35.285133266301493; 5; 0.33719826067833031; 1; 6; 17.649440999999999; 0.064102564102564097; 
0; 1; 1; 4; 5; 33.3515625; 3.147427; 1; 1; 0; 10.604960649538514; 16; 6.511506088971319; 0; 0; 13.584417353280383; 2; 0.10460174310299694; 1; 6; 7.3561180000000004; 0.038461538461538464; 
0; 1; 1; 10; 11; 35.109375; 4.3056150000000004; 1; 1; 0; 11.405020797959047; 16; 5.6938679136024906; 0; 0; 18.082342712748893; 3; 0.21797788336270615; 1; 6; 13.245103; 0.073770491803278687; 
0; 1; 1; 4; 5; 34.07421875; 2.5407090000000001; 1; 1; 0; 9.4038186267577437; 16; 3.7251821621764178; 0; 0; 11.39937387956078; 2; 0.11142340269961014; 1; 6; 3.1496710000000001; 0.081081081081081086; 
0; 1; 1; 8; 9; 36.31640625; 3.6726169999999998; 1; 1; 0; 12.872702232098167; 16; 6.0268626411243282; 0; 0; 19.633520602700791; 3; 0.20906782341794788; 1; 6; 12.495089999999999; 0.042424242424242427; 
0; 1; 1; 9; 10; 38.4453125; 6.0022539999999998; 1; 1; 0; 21.194122663890113; 24; 5.5107695488685113; 0; 0; 34.439733047626788; 5; 0.28789419038569797; 1; 6; 10.040908; 0.055944055944055944; 
0; 1; 1; 7; 8; 40.3359375; 5.0843400000000001; 1; 1; 0; 15.172916171356743; 24; 10.191986214508994; 0; 0; 24.019966666695954; 4; 0.3503364537224094; 1; 6; 7.6136239999999997; 0.047619047619047616; 
0; 1; 1; 7; 8; 42.31640625; 4.4053550000000001; 1; 1; 0; 15.788071888445966; 24; 9.6209528150425143; 0; 0; 21.320974752415083; 3; 0.17845756587006065; 1; 6; 8.2540639999999996; 0.054545454545454543; 
0; 1; 1; 3; 4; 42.890625; 3.147923; 1; 1; 0; 12.499059738497738; 16; 6.2215806357976184; 0; 0; 16.224157808295384; 2; 0.082545072986143081; 1; 6; 1.0904149999999999; 0.5; 
0; 1; 1; 5; 6; 43.515625; 16.16142; 0; 0; 0; 15.307132187123646; 24; 11.53094987131484; 0; 0; 21.342798459907968; 3; 0.17014378806352271; 1; 6; 2.1403590000000001; 0.2857142857142857; 
0; 1; 1; 10; 11; 56.26171875; 5.825126; 1; 1; 0; 18.702508567343418; 24; 8.6993940400604117; 0; 0; 29.229000605253201; 4; 0.2501474946088918; 1; 6; 8.4470659999999995; 0.086538461538461536; 
0; 1; 1; 6; 7; 57.38671875; 14.723388999999999; 0; 0; 0; 7.860109115187794; 16; 2.1513880186372232; 0; 0; 8.7869391210387668; 2; 0.10820853253842069; 1; 6; 3.4599139999999999; 0.11627906976744186; 
0; 1; 1; 7; 8; 69.69140625; 6.8750600000000004; 1; 1; 0; 21.015904367729526; 24; 4.2255214311361318; 0; 0; 31.411826968576229; 4; 0.2121838659318831; 1; 6; 5.3407049999999998; 0.096774193548387094; 
0; 1; 1; 5; 6; 71.1015625; 3.9585189999999999; 1; 1; 0; 11.675598803221252; 16; 5.5017757105882339; 0; 0; 21.322048850711404; 3; 0.17114961047836724; 1; 6; 4.2473520000000002; 0.095238095238095233; 
0; 1; 1; 3; 4; 71.7734375; 1.7167939999999999; 1; 1; 0; 16.848546629965053; 4; 0.2663288550983981; 0; 0; 14.364790610374607; 2; 0.13203310219844941; 1; 6; 1.5633539999999999; 0.10526315789473684; 
0; 1; 1; 6; 7; 73.2421875; 4.7256289999999996; 1; 1; 0; 15.068774509639258; 16; 11.38934997957786; 0; 0; 25.211387047523051; 4; 0.33105784487193707; 1; 6; 7.2294169999999998; 0.050505050505050504; 
0; 1; 1; 4; 5; 74.3515625; 2.50651; 1; 1; 0; 9.5937097678507559; 16; 3.8679066172267036; 0; 0; 11.706458745835711; 2; 0.10982954908504045; 1; 6; 2.8534090000000001; 0.076923076923076927; 
0; 1; 1; 5; 6; 75.35546875; 2.6157870000000001; 1; 1; 0; 10.647152022610108; 16; 5.0427096091204842; 0; 0; 13.4282355549164; 2; 0.10060021624042743; 1; 6; 5.4617810000000002; 0.043956043956043959; 
0; 1; 1; 10; 11; 78.4765625; 4.4334319999999998; 1; 1; 0; 16.112576271091751; 24; 4.8439801257206581; 0; 0; 19.760391822900274; 3; 0.1273881667006902; 1; 6; 16.298635000000001; 0.034351145038167941; 
0; 1; 1; 3; 4; 79.08203125; 14.781610000000001; 0; 0; 0; 8.2441190186637936; 16; 6.2651549020416493; 0; 0; 9.8042733508498632; 2; 0.12755845197438567; 1; 6; 0.70527899999999999; 0.22222222222222221; 
0; 1; 1; 10; 11; 93.2890625; 2.6428349999999998; 1; 1; 0; 11.828700466371684; 16; 5.5288313257228161; 0; 0; 15.30031905053224; 2; 0.086619863422286725; 1; 6; 17.730366; 0.032490974729241874; 
0; 1; 1; 4; 5; 93.73828125; 15.971401; 0; 0; 0; 16.99545979319862; 24; 7.7919267602649045; 0; 0; 23.449177968368154; 3; 0.13792101208372795; 1; 6; 2.2144620000000002; 0.10714285714285714; 
0; 1; 1; 7; 8; 106.16796875; 15.188091; 0; 0; 0; 11.257456637015895; 16; 7.3015916570195962; 0; 0; 21.584137344952559; 3; 0.13465965499769655; 1; 6; 4.2555129999999997; 0.14999999999999999; 
0; 1; 1; 5; 6; 118.13671875; 3.0322; 1; 1; 0; 11.59846944315386; 16; 5.4024857374248727; 0; 0; 14.773479695009359; 2; 0.089841202089810335; 1; 6; 3.7068430000000001; 0.12121212121212122; 
0; 1; 1; 9; 10; 120.125; 16.492667999999998; 0; 0; 0; 13.42857001461288; 16; 6.6661467844561875; 0; 0; 17.918809596128213; 2; 0.072955398281879275; 1; 6; 10.465366; 0.049079754601226995; 
0; 1; 1; 3; 4; 131.796875; 2.7198820000000001; 1; 1; 0; 13.277191470856495; 16; 6.079222366058656; 0; 0; 17.8885901494852; 2; 0.071024635377605061; 1; 6; 0.96236999999999995; 0.25; 
0; 1; 1; 9; 10; 133.5703125; 4.8369479999999996; 1; 1; 0; 14.036414937752459; 24; 10.803827072929659; 0; 0; 26.066551581273437; 4; 0.2167359545164407; 1; 6; 10.372619; 0.058394160583941604; 
0; 1; 1; 3; 4; 134.33984375; 2.5789260000000001; 1; 1; 0; 11.470955803824765; 16; 16.226641865932869; 0; 0; 15.161334133420958; 2; 0.10894201398167742; 1; 6; 0.75282400000000005; 0.66666666666666663; 
0; 1; 1; 4; 5; 134.9765625; 2.7086420000000002; 1; 1; 0; 11.493180104180134; 16; 5.2059150187157037; 0; 0; 14.885406635712666; 2; 0.089310795268351589; 1; 6; 2.7085849999999998; 0.10714285714285714; 
0; 1; 1; 3; 4; 135.45703125; 16.118831; 0; 0; 0; 11.589961751400715; 16; 5.6750618072055889; 0; 0; 15.110496486648589; 2; 0.088410270547663913; 1; 6; 0.56637999999999999; 1; 
0; 1; 1; 3; 4; 147.29296875; 3.2550669999999999; 1; 1; 0; 13.947371939002277; 16; 6.4887952871401406; 0; 0; 18.709916187379246; 2; 0.067535372339598054; 1; 6; 1.095472; 0.66666666666666663; 
0; 1; 1; 3; 4; 147.6171875; 2.648771; 1; 1; 0; 10.792115593228091; 16; 35.948549403998321; 0; 0; 14.245362571034324; 2; 0.13678294348015724; 1; 6; 0.82497900000000002; 0.22222222222222221; 
0; 1; 1; 13; 14; 149.35546875; 5.9301839999999997; 1; 1; 0; 14.554025889127022; 24; 21.350705191062747; 0; 0; 26.123072319584093; 5; 0.43357803162110831; 1; 6; 9.6659240000000004; 0.11214953271028037; 
0; 1; 1; 5; 6; 150.2734375; 5.0390470000000001; 1; 1; 0; 18.105924973719642; 24; 13.643199360788238; 0; 0; 23.356797386972524; 3; 0.17400316992585579; 1; 6; 2.911813; 0.16666666666666666; 
0; 1; 1; 4; 5; 151.03125; 2.585782; 1; 1; 0; 11.407744586628725; 16; 12.588241806665097; 0; 0; 15.280105032051848; 2; 0.093338051306800951; 1; 6; 1.851361; 0.1875; 
0; 1; 1; 3; 4; 151.68359375; 2.0056319999999999; 1; 1; 0; 9.6113873323910521; 16; 3.9799326552019139; 0; 0; 11.719921687163469; 2; 0.11035832028458467; 1; 6; 0.55306500000000003; 0.66666666666666663; 
0; 1; 1; 3; 4; 152.03515625; 2.7916439999999998; 1; 1; 0; 10.791219954886369; 16; 4.88710426601157; 0; 0; 13.490842339416339; 2; 0.098924407666067901; 1; 6; 1.782735; 0.076923076923076927; 
0; 1; 1; 7; 8; 153.14453125; 21.372308; 0; 0; 0; 13.630479022457857; 16; 6.4532230257586596; 0; 0; 17.99478548177278; 2; 0.070599750719695931; 1; 6; 4.2797090000000004; 0.14285714285714285; 
0; 1; 1; 6; 7; 165.40234375; 7.5118479999999996; 1; 1; 0; 20.121637954072462; 32; 6.6692453069995139; 0; 0; 24.815945170848213; 4; 0.19759355277989096; 1; 6; 4.1943669999999997; 0.1111111111111111; 
0; 1; 1; 4; 5; 166.59765625; 2.307261; 1; 1; 0; 9.076400294370897; 16; 3.5519575969583195; 0; 0; 10.913046300213482; 2; 0.11446139854319132; 1; 6; 1.587728; 0.20000000000000001; 
0; 1; 1; 15; 16; 167.90234375; 8.8217730000000003; 1; 1; 0; 27.835882830936328; 40; 17.894078906201571; 0; 0; 38.286330489001038; 6; 0.50282917594673993; 1; 6; 10.644997999999999; 0.13333333333333333; 
0; 1; 1; 3; 4; 169.48046875; 16.379415000000002; 0; 0; 0; 9.5189960384619727; 32; 342.68024377528468; 0; 0; 11.201030539096012; 2; 0.1123560806127839; 1; 6; 0.99379700000000004; 0.18181818181818182; 
0; 1; 1; 6; 7; 181.7890625; 18.938981999999999; 0; 0; 0; 20.919867138774105; 24; 6.3226510962992517; 0; 0; 37.548256845281259; 5; 0.30836568444970697; 1; 6; 5.3883419999999997; 0.068493150684931503; 
0; 1; 1; 4; 5; 194.26953125; 2.5619730000000001; 1; 1; 0; 11.184173950635831; 16; 7.9760408136719896; 0; 0; 14.425711329083516; 2; 0.10417320679990288; 1; 6; 4.0835100000000004; 0.046153846153846156; 
0; 1; 1; 9; 10; 196.4609375; 5.2665030000000002; 1; 1; 0; 17.351682265690393; 24; 12.185796870946923; 0; 0; 23.142648921742893; 3; 0.16902789957039327; 1; 6; 10.396345; 0.050632911392405063; 
0; 1; 1; 4; 5; 197.16796875; 2.9734929999999999; 1; 1; 0; 11.578748265543803; 16; 5.6272518011959143; 0; 0; 14.743094301450446; 2; 0.092325700700867611; 1; 6; 2.322559; 0.20000000000000001; 
0; 1; 1; 5; 6; 197.90625; 22.689364999999999; 0; 0; 0; 10.171899478541025; 16; 5.4209609286488813; 0; 0; 12.564530662328911; 2; 0.11421397903518933; 1; 6; 2.4478040000000001; 0.21052631578947367; 
0; 1; 1; 3; 4; 210.16796875; 3.1203940000000001; 1; 1; 0; 13.278283082246336; 16; 5.8544154147832206; 0; 0; 17.698488256172325; 2; 0.072229756075615145; 1; 6; 1.95225; 0.083333333333333329; 
0; 1; 1; 9; 10; 211.38671875; 4.3451139999999997; 1; 1; 0; 10.533445911138315; 16; 4.9425028396323647; 0; 0; 26.734080705844224; 4; 0.23085420392333669; 1; 6; 6.8884999999999996; 0.11594202898550725; 
0; 1; 1; 5; 6; 213.421875; 2.6731180000000001; 1; 1; 0; 11.154817845029271; 16; 6.546439416093305; 0; 0; 14.337320350519271; 2; 0.09885525817398863; 1; 6; 9.2226189999999999; 0.028985507246376812; 
0; 1; 1; 7; 8; 215.81640625; 3.067523; 1; 1; 0; 11.613110169057578; 16; 6.0520149517036641; 0; 0; 21.675606711965212; 3; 0.17402838052749275; 1; 6; 12.701476; 0.034482758620689655; 
0; 1; 1; 5; 6; 216.21875; 5.9988250000000001; 1; 1; 0; 20.52657381336579; 24; 7.9572825476746116; 0; 0; 31.677753801793518; 4; 0.18683504558241137; 1; 6; 3.2547999999999999; 0.12121212121212122; 
0; 1; 1; 5; 6; 218.03515625; 14.712177000000001; 0; 0; 0; 10.087095618070816; 16; 7.4549111964037369; 0; 0; 12.671477886944654; 2; 0.12059576013548394; 1; 6; 5.5317170000000004; 0.058823529411764705; 
0; 1; 1; 6; 7; 230.734375; 5.964645; 1; 1; 0; 18.139431128942388; 24; 6.0914133514272599; 0; 0; 24.960609913724348; 3; 0.11785478851212178; 1; 6; 7.8320660000000002; 0.042016806722689079; 
0; 1; 1; 3; 4; 231.8984375; 2.7616689999999999; 1; 1; 0; 12.491081051210873; 16; 5.855859736398882; 0; 0; 16.470620316273397; 2; 0.079648285554366469; 1; 6; 2.1778590000000002; 0.060606060606060608; 
0; 1; 1; 3; 4; 232.21875; 3.3314089999999998; 1; 1; 0; 12.860628849853175; 16; 5.9079502998277471; 0; 0; 16.775016161331706; 2; 0.077235862240082373; 1; 6; 1.3648089999999999; 0.2857142857142857; 
0; 1; 1; 5; 6; 233.3203125; 20.294374999999999; 0; 0; 0; 20.574386756530107; 48; 19.199778406682658; 0; 0; 23.95743140721029; 3; 0.11175097164997308; 1; 6; 4.0156080000000003; 0.076923076923076927; 
0; 1; 1; 9; 10; 247.04296875; 1.973522; 1; 1; 0; 8.7780115116213384; 16; 11.535324392684664; 0; 0; 10.683595682654529; 2; 0.15225787372551378; 1; 6; 10.527903; 0.055172413793103448; 
0; 1; 1; 6; 7; 248.4765625; 14.680531; 0; 0; 0; 7.7553998366085199; 16; 3.1168893277500369; 0; 0; 8.6780301966768363; 2; 0.11881080955341768; 1; 6; 7.4489200000000002; 0.041666666666666664; 
0; 1; 1; 4; 5; 260.19140625; 2.980842; 1; 1; 0; 13.282392226531641; 16; 6.7521283133537295; 0; 0; 17.617843343142397; 2; 0.074556634653791282; 1; 6; 2.8973640000000001; 0.1111111111111111; 
0; 1; 1; 3; 4; 260.71875; 3.258724; 1; 1; 0; 12.294919240435053; 16; 6.0109088350113469; 0; 0; 15.900107869123856; 2; 0.083907529776688722; 1; 6; 0.96384199999999998; 0.66666666666666663; 
0; 1; 1; 3; 4; 261.28515625; 2.3317109999999999; 1; 1; 0; 10.241306074012298; 16; 4.5329799087489695; 0; 0; 12.818914703803657; 2; 0.10352934661726013; 1; 6; 0.81057500000000005; 0.33333333333333331; 
0; 1; 1; 7; 8; 261.71484375; 3.6587890000000001; 1; 1; 0; 12.198876861961239; 16; 5.5708730624462062; 0; 0; 25.444005858212787; 4; 0.38011217700259503; 1; 6; 3.694658; 0.29999999999999999; 
0; 1; 1; 3; 4; 262.4609375; 2.5079419999999999; 1; 1; 0; 9.2602623343271784; 16; 3.6522565556312783; 0; 0; 11.216521109920688; 2; 0.11283927174734693; 1; 6; 1.379327; 0.10526315789473684; 
0; 1; 1; 6; 7; 263.8671875; 2.5354559999999999; 1; 1; 0; 10.400837489915039; 16; 7.1078951808771969; 0; 0; 13.200825245347385; 2; 0.10959937765715154; 1; 6; 6.1478780000000004; 0.061728395061728392; 
0; 1; 1; 3; 4; 264.234375; 2.3649; 1; 1; 0; 12.262946575034352; 16; 5.8840796321105957; 0; 0; 16.238233840497969; 2; 0.081107845329845593; 1; 6; 0.72810699999999995; 0.66666666666666663; 
0; 1; 1; 5; 6; 264.90625; 7.690766; 1; 1; 0; 19.716540006817507; 48; 44.006672133121633; 0; 0; 24.182785578840804; 3; 0.14800140007016938; 1; 6; 4.2134179999999999; 0.068965517241379309; 
0; 1; 1; 7; 8; 266.91015625; 2.86097; 1; 1; 0; 12.935773370778989; 16; 6.5977896328107821; 0; 0; 17.076149841467689; 2; 0.077697990234862194; 1; 6; 6.3471599999999997; 0.064516129032258063; 
0; 1; 1; 5; 6; 268.015625; 4.2303459999999999; 1; 1; 0; 13.450871660578018; 16; 6.6743939748837473; 0; 0; 25.942857755541468; 3; 0.13917415734438482; 1; 6; 4.4430690000000004; 0.088888888888888892; 
0; 1; 1; 8; 9; 269.38671875; 5.1107449999999996; 1; 1; 0; 16.536007504973423; 24; 9.2230497686059998; 0; 0; 22.401240885906653; 3; 0.17458365624361469; 1; 6; 6.7877210000000003; 0.090909090909090912; 
0; 1; 1; 3; 4; 270.05078125; 2.2737470000000002; 1; 1; 0; 9.7764244366404611; 16; 49.598363557315565; 0; 0; 12.668067782169185; 2; 0.17328262110912096; 1; 6; 1.468672; 0.125; 
0; 1; 1; 3; 4; 270.7109375; 14.994861999999999; 0; 0; 0; 10.224074342812983; 16; 4.2393024037775371; 0; 0; 13.011198692599541; 2; 0.10236429206179226; 1; 6; 0.77863000000000004; 0.66666666666666663; 
0; 1; 1; 5; 6; 282.68359375; 13.980973000000001; 1; 1; 0; 16.871340246197018; 16; 17.177677641443744; 0; 0; 26.535213503559397; 3; 0.075277029702152443; 1; 6; 4.250343; 0.10256410256410256; 
0; 1; 1; 6; 7; 288.99609375; 6.7139360000000003; 1; 1; 0; 22.785209353505991; 24; 4.2798163183470059; 0; 0; 33.416636333951203; 4; 0.16993114375720617; 1; 6; 3.2246589999999999; 0.21739130434782608; 
0; 1; 1; 3; 4; 289.97265625; 2.8817780000000002; 1; 1; 0; 11.873858024976983; 16; 5.5114774512112117; 0; 0; 15.312869115979227; 2; 0.086405086285515589; 1; 6; 0.85448299999999999; 0.66666666666666663; 
0; 1; 1; 11; 12; 291.75; 2.8149609999999998; 1; 1; 0; 11.221736729673761; 16; 10.398693271517329; 0; 0; 19.593274978073044; 3; 0.16082520127118838; 1; 6; 10.795415; 0.075187969924812026; 
0; 1; 1; 5; 6; 292.99609375; 2.440617; 1; 1; 0; 12.277729523390033; 16; 6.2770484374578226; 0; 0; 21.660400803979467; 3; 0.23584185226367793; 1; 6; 5.6666530000000002; 0.055555555555555552; 
0; 1; 1; 4; 5; 293.58203125; 1.8754409999999999; 1; 1; 0; 15.16092509122246; 4; 0.43580481500473434; 0; 0; 20.175588593354149; 3; 0.23873244194618984; 1; 6; 2.9811139999999998; 0.10714285714285714; 
0; 1; 1; 4; 5; 294.69140625; 2.6668630000000002; 1; 1; 0; 13.119038133906827; 16; 7.2704257910601893; 0; 0; 17.674645783082116; 2; 0.074898688600808491; 1; 6; 2.9279860000000002; 0.078947368421052627; 
0; 1; 1; 7; 8; 295.78125; 3.3137059999999998; 1; 1; 0; 13.765479883989308; 16; 6.7397270195033192; 0; 0; 19.249210758836057; 3; 0.2827238940620877; 1; 6; 7.2834019999999997; 0.063829787234042548; 
0; 1; 1; 4; 5; 296.87109375; 2.2942740000000001; 1; 1; 0; 8.8679557090979468; 16; 4.8025006766532554; 0; 0; 10.675302402961995; 2; 0.11908208417446838; 1; 6; 3.1312190000000002; 0.068181818181818177; 
0; 1; 1; 7; 8; 298.34765625; 2.4223569999999999; 1; 1; 0; 10.496722225510386; 16; 11.20723572035997; 0; 0; 19.513910301381195; 3; 0.20345940577544247; 1; 6; 9.2730519999999999; 0.048000000000000001; 
0; 1; 1; 5; 6; 299.74609375; 2.2233269999999998; 1; 1; 0; 10.269023458251663; 16; 6.6013161978982602; 0; 0; 12.925791717897855; 2; 0.11330578681187731; 1; 6; 4.8897389999999996; 0.052631578947368418; 
0; 1; 1; 8; 9; 301.15234375; 2.9513180000000001; 1; 1; 0; 11.98340410792599; 16; 5.3574369168424409; 0; 0; 15.648466782529994; 2; 0.084146417573825794; 1; 6; 9.2980049999999999; 0.059829059829059832; 
0; 1; 1; 4; 5; 301.546875; 14.680592000000001; 0; 0; 0; 8.4466755800447633; 16; 6.0612633207707232; 0; 0; 10.426527078791445; 2; 0.12760444908180452; 1; 6; 1.7152259999999999; 0.15789473684210525; 
0; 1; 1; 4; 5; 313.58984375; 17.245898; 0; 0; 0; 12.619762457621679; 16; 7.9276783818876702; 0; 0; 19.855876111263559; 3; 0.18786183018645625; 1; 6; 3.0491549999999998; 0.069767441860465115; 
0; 1; 1; 3; 4; 325.40234375; 2.4623149999999998; 1; 1; 0; 11.136812724827378; 16; 5.0359389260057332; 0; 0; 14.283940568225905; 2; 0.093003755871735802; 1; 6; 0.58727499999999999; 1; 
.
