0; 1; 1; 3; 4; 0; 2.3427090000000002; 1; 1; -1; 4.1371944052583238; 16; 1209.2703929210702; -1; 0; 4.7476312131326157; 2; 1.1935062051660932; 1; 6; 0.49040499999999998; 0.40000000000000002; 
0; 1; 1; 10; 11; 0; 2.639332; 1; 1; -1; 4.0603932102010152; 4; 2.9157048426061349; -1; 0; 4.2691985113118118; 3; 0.83685993939411163; 1; 6; 2.3715130000000002; 0.25; 
0; 1; 1; 7; 8; 1.3359375; 3.0567760000000002; 1; 1; -1; 4.2758823507083683; 16; 25.785189922343623; -1; 0; 5.2434938061596306; 3; 5.3398529642318397; 1; 6; 1.7991809999999999; 0.40000000000000002; 
0; 1; 1; 3; 4; 2.43359375; 4.0224650000000004; 1; 1; -1; 5.0799777975407565; 16; 375.76380414580603; -1; 0; 5.9419842794759257; 2; 0.94957886606130859; 1; 6; 0.42039500000000002; 0.5; 
0; 1; 1; 3; 4; 3.48828125; 1.8898790000000001; 1; 1; -1; 3.876974003690874; 16; 5.1969477010197167; -1; 0; 3.9670417980313917; 2; 0.1327970459386367; 1; 6; 0.39166499999999999; 0.66666666666666663; 
0; 1; 1; 3; 4; 3.76953125; 11.380598000000001; 1; 1; -1; 4.121024215498382; 16; 53.241533010090706; -1; 0; 3.8408206848014328; 2; 0.046612198536283657; 1; 6; 0.52000599999999997; 0.66666666666666663; 
0; 1; 1; 9; 10; 10.75; 2.6971949999999998; 1; 1; -1; 4.1143678916126465; 16; 19.845579608581211; -1; 0; 5.3825346369570299; 3; 3.7632684663707963; 1; 6; 1.8280479999999999; 0.26666666666666666; 
0; 1; 1; 3; 4; 11.71484375; 12.881295; 1; 1; -1; 4.1980595622172201; 16; 32.109375126581732; -1; 0; 4.0113973625078652; 2; 0.12605771746555855; 1; 6; 1.0120439999999999; 0.10000000000000001; 
0; 1; 1; 3; 4; 21.10546875; 2.1799940000000002; 1; 1; -1; 4.0880340054313722; 16; 16.100462151925008; -1; 0; 3.972555577181057; 2; 0.11376029723553292; 1; 6; 0.35385699999999998; 0.66666666666666663; 
0; 1; 1; 8; 9; 21.68359375; 2.597915; 1; 1; -1; 4.2122138488020253; 16; 89.972158910474889; -1; 0; 7.5492684904983207; 4; 5.5672741816240912; 1; 6; 1.4921930000000001; 0.30434782608695654; 
0; 1; 1; 7; 8; 22.625; 1.0272209999999999; 1; 1; -1; 4.3170252149872912; 4; 3.7802786974988334; -1; 0; 5.5266353130850954; 4; 3.9416758058356036; 1; 6; 1.4221220000000001; 0.22222222222222221; 
0; 1; 1; 4; 5; 23.0625; 10.782328; 1; 1; -1; 3.9842590283746597; 16; 27.182937867819479; -1; 0; 4.0076703832178531; 2; 0.12641051389720864; 1; 6; 0.71306199999999997; 0.42857142857142855; 
0; 1; 1; 3; 4; 28.75390625; 2.7360829999999998; 1; 1; -1; 5.6774046239043789; 16; 603.42984406162702; -1; 0; 7.4022472655869187; 2; 0.6290798925324681; 1; 6; 0.37430999999999998; 0.5; 
0; 1; 1; 11; 12; 29.8984375; 7.5791690000000003; 1; 1; -1; 4.1878848030456357; 16; 28.894652539736271; -1; 0; 8.4226707255258919; 4; 3.0738424232848396; 1; 6; 2.7369729999999999; 0.22727272727272727; 
0; 1; 1; 10; 11; 34.15234375; 3.2411919999999999; 1; 1; -1; 4.3294996825903249; 16; 75.020893645473805; -1; 0; 4.7721770092395444; 2; 0.47447236956501487; 1; 6; 4.2165229999999996; 0.1875; 
0; 1; 1; 4; 5; 35.48046875; 0.87112500000000004; 1; 1; -1; 4.5947479892473382; 4; 4.7585256534358242; -1; 0; 3.9975640898097482; 2; 0.13766150297261975; 1; 6; 0.77743099999999998; 0.42857142857142855; 
0; 1; 1; 3; 4; 35.7890625; 1.9537249999999999; 1; 1; -1; 4.025184768866767; 16; 13.286429552357209; -1; 0; 4.3128676280703893; 2; 0.29412548579519576; 1; 6; 0.40979700000000002; 1; 
0; 1; 1; 3; 4; 36.1015625; 3.9811860000000001; 1; 1; -1; 5.006935622923355; 16; 37.174070183496639; -1; 0; 3.9939902675247541; 2; 0.11881414768127291; 1; 6; 1.2142299999999999; 0.086956521739130432; 
0; 1; 1; 10; 11; 38.62890625; 2.8035580000000002; 1; 1; -1; 4.5530975446761763; 16; 82.469450790568473; -1; 0; 6.9983838110097247; 4; 5.8554511350614531; 1; 6; 2.2330999999999999; 0.22500000000000001; 
0; 1; 1; 3; 4; 39.6484375; 1.889966; 1; 1; -1; 4.1106253415576957; 16; 2711.5820604091095; -1; 0; 4.7323899923182262; 2; 1.4130625007746516; 1; 6; 0.34084199999999998; 0.5; 
0; 1; 1; 3; 4; 39.92578125; 2.8006950000000002; 1; 1; -1; 5.4387426724914487; 16; 221.93889933703318; -1; 0; 6.9287732783400369; 2; 0.59243580010175356; 1; 6; 0.43703900000000001; 0.40000000000000002; 
0; 1; 1; 6; 7; 40.515625; 3.6204670000000001; 1; 1; -1; 4.2144564118988352; 16; 31.434423781939145; -1; 0; 5.4519955358110197; 3; 3.059292967736094; 1; 6; 1.3210630000000001; 0.25; 
0; 1; 1; 5; 6; 41.953125; 4.8338130000000001; 1; 1; -1; 3.8736221670895783; 16; 34.040130929167866; -1; 0; 3.7869404045219204; 2; 0.054746493825386551; 1; 6; 1.0677319999999999; 0.30769230769230771; 
0; 1; 1; 8; 9; 44.6328125; 2.0622669999999999; 1; 1; -1; 3.8505179272523447; 16; 2.6358816987875309; -1; 0; 4.0858248312838761; 3; 3.0775559517408899; 1; 6; 1.345699; 0.31818181818181818; 
0; 1; 1; 6; 7; 45.08203125; 3.7319460000000002; 1; 1; -1; 4.1993783546322776; 16; 29.02344590782894; -1; 0; 4.0677387359460822; 2; 0.15595318541074205; 1; 6; 1.6118170000000001; 0.26315789473684209; 
0; 1; 1; 3; 4; 46.9921875; 8.3646229999999999; 1; 1; -1; 4.1736645588877845; 16; 16.278467610455905; -1; 0; 4.1792859671822313; 2; 0.25119654130803404; 1; 6; 0.43057899999999999; 0.66666666666666663; 
0; 1; 1; 5; 6; 52.6796875; 4.3053549999999996; 1; 1; -1; 4.3010524751072072; 4; 7.4911312505166778; -1; 0; 4.4441791304535707; 3; 1.685964231276877; 1; 6; 0.898899; 0.36363636363636365; 
0; 1; 1; 3; 4; 55.3046875; 2.6291169999999999; 1; 1; -1; 5.1840410183023202; 16; 177.71555873128264; -1; 0; 5.9698966085600027; 2; 0.69945372297587205; 1; 6; 0.42073199999999999; 0.66666666666666663; 
0; 1; 1; 3; 4; 56.1171875; 1.8535520000000001; 1; 1; -1; 4.300650285333929; 16; 31.085822520160864; -1; 0; 4.9012048482679367; 2; 0.43108212865393769; 1; 6; 0.468997; 0.40000000000000002; 
0; 1; 1; 4; 5; 56.40234375; 2.1667070000000002; 1; 1; -1; 4.6920085301396579; 4; 6.6828248355188746; -1; 0; 4.9330570800497844; 3; 0.83592430556892383; 1; 6; 0.86512699999999998; 0.27272727272727271; 
.
