0; 1; 1; 3; 4; 0.01171875; 1.8708880000000001; 1; 1; -1; 4.409054220712008; 16; 1.277677539925941; -1; 0; 4.4643237721448976; 2; 0.052948315541056667; 1; 6; 0.32100600000000001; 0.66666666666666663; 
0; 1; 1; 4; 5; 0.046875; 3.5542509999999998; 1; 1; -1; 4.806487285022663; 16; 30.378436672895781; -1; 0; 4.959175180575075; 2; 0.25145665535839468; 1; 6; 0.79257699999999998; 0.27272727272727271; 
0; 1; 1; 3; 4; 1.4296875; 2.039263; 1; 1; -1; 4.7698021766209457; 8; 5.9387110420806088; -1; 0; 4.5016275040375353; 2; 0.058902565905786991; 1; 6; 0.58080500000000002; 0.2857142857142857; 
0; 1; 1; 3; 4; 2.53515625; 2.6861989999999998; 1; 1; -1; 4.7206092464538738; 16; 71.792430748340394; -1; 0; 4.5866334426171642; 2; 0.27404554898764666; 1; 6; 0.68685600000000002; 0.25; 
0; 1; 1; 3; 4; 3.390625; 3.4691809999999998; 1; 1; -1; 5.1462033967659124; 16; 53.554843054671622; -1; 0; 5.2054423306945212; 2; 0.3211822934714435; 1; 6; 0.677064; 0.22222222222222221; 
0; 1; 1; 3; 4; 5.29296875; 0.591665; 1; 1; -1; 5.1860831547437263; 4; 5.5126236427427937; -1; 0; 4.6860173441927824; 2; 0.14647087327027497; 1; 6; 0.41981800000000002; 0.40000000000000002; 
0; 1; 1; 6; 7; 5.40234375; 2.4666739999999998; 1; 1; -1; 4.79729427409137; 16; 24.254115344944591; -1; 0; 4.8573881940017651; 2; 0.22036459231601177; 1; 6; 1.3765989999999999; 0.25; 
0; 1; 1; 7; 8; 6.30859375; 4.3568610000000003; 1; 1; -1; 5.3892744622047779; 4; 5.6646311058041743; -1; 0; 6.5136418208214355; 4; 2.118405453897342; 1; 6; 1.311563; 0.2608695652173913; 
0; 1; 1; 3; 4; 9.55859375; 2.1493579999999999; 1; 1; -1; 5.2013123884088071; 16; 54.460032611436525; -1; 0; 6.0247239135755688; 2; 0.45239338580966509; 1; 6; 0.302672; 1; 
0; 1; 1; 4; 5; 10.1171875; 14.879322; 0; 0; -1; 6.8671716212319414; 16; 313.35399911608499; -1; 0; 9.1720288733797766; 2; 0.4205150126427375; 1; 6; 0.87093399999999999; 0.42857142857142855; 
0; 1; 1; 3; 4; 20.69140625; 1.120482; 1; 1; -1; 4.6219546780497938; 4; 4.4051867930799418; -1; 0; 4.3740078304010179; 2; 0.020655040341189573; 1; 6; 0.51276100000000002; 0.22222222222222221; 
0; 1; 1; 4; 5; 21.30078125; 3.7247189999999999; 1; 1; -1; 4.7910467120447597; 16; 20.176257137586976; -1; 0; 4.6394587306802286; 2; 0.1060476631628619; 1; 6; 0.65438499999999999; 0.33333333333333331; 
0; 1; 1; 8; 9; 23.18359375; 6.9726850000000002; 1; 1; -1; 5.2178217022628344; 4; 5.588529110641046; -1; 0; 5.4493257209442323; 4; 5.2223678992303864; 1; 6; 1.4460980000000001; 0.25925925925925924; 
0; 1; 1; 3; 4; 28.7734375; 3.4982609999999998; 1; 1; -1; 4.9510470344557485; 16; 38.233083954874743; -1; 0; 4.4412084555004281; 2; 0.03932553405978461; 1; 6; 0.37230099999999999; 0.66666666666666663; 
0; 1; 1; 8; 9; 30.6171875; 2.152345; 1; 1; -1; 4.4032466566617723; 16; 18.640385751413078; -1; 0; 6.4166189159273239; 4; 4.5185735479737854; 1; 6; 1.425141; 0.28000000000000003; 
0; 1; 1; 3; 4; 31.07421875; 6.5097180000000003; 1; 1; -1; 4.4251570794083559; 16; 12.881952148431514; -1; 0; 4.4177129299964708; 2; 0.036458674691738212; 1; 6; 0.31133300000000003; 0.66666666666666663; 
0; 1; 1; 6; 7; 35.1953125; 3.2497060000000002; 1; 1; -1; 6.2727837661730241; 16; 105.41246121782547; -1; 0; 6.7488864845131946; 2; 0.45222644317681021; 1; 6; 1.288092; 0.20833333333333334; 
0; 1; 1; 4; 5; 36.6640625; 4.497941; 1; 1; -1; 4.5080579219047969; 16; 11.937267085357091; -1; 0; 4.5666355110615378; 2; 0.09955635712165066; 1; 6; 0.82386099999999995; 0.21428571428571427; 
0; 1; 1; 4; 5; 39.1015625; 2.0077500000000001; 1; 1; -1; 5.7758343081522128; 16; 21.000683862776178; -1; 0; 5.1936445749630309; 2; 0.21398439659409541; 1; 6; 0.52423500000000001; 0.5; 
0; 1; 1; 10; 11; 39.91796875; 4.0819380000000001; 1; 1; -1; 4.8670392001835534; 4; 5.9221675617570115; -1; 0; 5.6296199877326343; 4; 5.7398750478303038; 1; 6; 2.1418189999999999; 0.23684210526315788; 
0; 1; 1; 3; 4; 42.7734375; 0.97219999999999995; 1; 1; -1; 4.3926984581133341; 8; 0.22259691378055796; -1; 0; 4.4274963265624185; 2; 0.034725778484109932; 1; 6; 0.30183100000000002; 1; 
0; 1; 1; 3; 4; 43.05078125; 1.959965; 1; 1; -1; 4.8415463958945013; 16; 19.985081632589953; -1; 0; 4.5371439899068715; 2; 0.092192301831408613; 1; 6; 0.37035800000000002; 0.5; 
0; 1; 1; 3; 4; 43.3515625; 0.90466899999999995; 1; 1; -1; 4.3860385087541411; 8; 0.19177242977784414; -1; 0; 4.4168254929831141; 2; 0.030624121701934282; 1; 6; 0.355632; 0.5; 
0; 1; 1; 4; 5; 43.6484375; 2.7475179999999999; 1; 1; -1; 4.3848335371713532; 16; 1.7514187533494734; -1; 0; 4.3933930562876826; 2; 0.023664465247718442; 1; 6; 0.59237399999999996; 0.42857142857142855; 
0; 1; 1; 3; 4; 44.73828125; 2.1310500000000001; 1; 1; -1; 4.5983812610572503; 16; 14.746476874086873; -1; 0; 4.6775084102288975; 2; 0.10848914112778446; 1; 6; 0.392318; 0.5; 
0; 1; 1; 10; 11; 45.5390625; 2.2073309999999999; 1; 1; -1; 4.5830709213749072; 8; 7.6651600531909807; -1; 0; 5.5690441104045885; 5; 6.1757700615261779; 1; 6; 2.4672260000000001; 0.21428571428571427; 
0; 1; 1; 3; 4; 46.66796875; 2.2336179999999999; 1; 1; -1; 4.412791324196137; 16; 8.401369019547186; -1; 0; 4.4204513163325494; 2; 0.033025616566153534; 1; 6; 0.33232200000000001; 0.5; 
0; 1; 1; 6; 7; 47.2109375; 2.5721590000000001; 1; 1; -1; 4.5254290676939499; 16; 16.296403299218628; -1; 0; 4.419398621011478; 2; 0.052001262027035651; 1; 6; 1.2070369999999999; 0.29411764705882354; 
0; 1; 1; 3; 4; 48.13671875; 2.4807709999999998; 1; 1; -1; 4.5737720042548276; 16; 9.3134077502259061; -1; 0; 4.7319639731804717; 2; 0.13320779548111877; 1; 6; 0.43772; 0.5; 
0; 1; 1; 4; 5; 49.20703125; 1.2686550000000001; 1; 1; -1; 4.5750756625738251; 4; 2.5692088338662762; -1; 0; 6.0777792872670711; 3; 2.0065955696017053; 1; 6; 0.50741400000000003; 0.5; 
.
